 mass envelope_frac water_frac mantle_frac core_frac T_eq period age radius transit_radius inner_pressure inner_temperature
   1.08118075107659558294008407680797904         1.00000000000000000000000000000000002E-0002   0.00000000000000000000000000000000000        0.668614458809231706125433871573613450        0.314631859788654842297541543865036937         700.000000000000000000000000000000000        0.997269680000000000000000000000000041         4.50000000000000000000000000000000000         6.61377745334238579475608595023441114         5.58408141910343999349000531111951181         395.226105296565590484734927502172496         6136.95199379555908592477347299328392      
   1.26384820293428297393143145034979693         1.00000000000000000000000000000000002E-0002   0.00000000000000000000000000000000000        0.668614458809231706125433871573613450        0.314631859788654842297541543865036937         700.000000000000000000000000000000000        0.997269680000000000000000000000000041         4.50000000000000000000000000000000000         4.34091802940840091432652533204588354         4.15582112293058996047004394035416018         469.197845875165684635121812836552392         6561.83317021225831518078776528618934      
   1.47737765259849314120313550965780184         1.00000000000000000000000000000000002E-0002   0.00000000000000000000000000000000000        0.668614458809231706125433871573613450        0.314631859788654842297541543865036937         700.000000000000000000000000000000000        0.997269680000000000000000000000000041         4.50000000000000000000000000000000000         3.47501241218619849387946584247672714         2.98435410850567172742569728308123612         554.282068685556756172662162498961584         6987.65425482872252228602767001731672      
   1.72698329065941322833690541271540751         1.00000000000000000000000000000000002E-0002   0.00000000000000000000000000000000000        0.668614458809231706125433871573613450        0.314631859788654842297541543865036937         700.000000000000000000000000000000000        0.997269680000000000000000000000000041         4.50000000000000000000000000000000000         3.02598195384413676808536671237758007         2.65740226320967392081726753124538235         648.965007236206484635258440918023343         7543.40392897567773322763497577092197      
   2.01876025467901228775424997274769394         1.00000000000000000000000000000000002E-0002   0.00000000000000000000000000000000000        0.668614458809231706125433871573613450        0.314631859788654842297541543865036937         700.000000000000000000000000000000000        0.997269680000000000000000000000000041         4.50000000000000000000000000000000000         2.75699879141085414401597803570851357         2.50819985760071724216970194621508768         761.626545624935629147171821329565594         8133.36704340183586632039830085685475      
   2.35983346678216275548592125206161933         1.00000000000000000000000000000000002E-0002   0.00000000000000000000000000000000000        0.668614458809231706125433871573613450        0.314631859788654842297541543865036937         700.000000000000000000000000000000000        0.997269680000000000000000000000000041         4.50000000000000000000000000000000000         2.58580627261107961724287373306438431         2.36933068958576839615964964653141590         895.931089288315562931391918771211992         8753.25891404302052704378390203376999      
   2.75853161762914517168410871768625645         1.00000000000000000000000000000000002E-0002   0.00000000000000000000000000000000000        0.668614458809231706125433871573613450        0.314631859788654842297541543865036937         700.000000000000000000000000000000000        0.997269680000000000000000000000000041         4.50000000000000000000000000000000000         2.47464365440245325636771442668698202         2.29208673968590792338681445515964342         1056.02049943107554105691893968060156         9322.74269190407505304957370859416284      
   3.22459054529634921226258931654514848         1.00000000000000000000000000000000002E-0002   0.00000000000000000000000000000000000        0.668614458809231706125433871573613450        0.314631859788654842297541543865036937         700.000000000000000000000000000000000        0.997269680000000000000000000000000041         4.50000000000000000000000000000000000         2.40375851109284955023237823772716082         2.24469123119863996582882820042026350         1247.15825919837754062245338102165608         9719.20755996291513576058272542694561      
   3.76939097538830660736012285908434365         1.00000000000000000000000000000000002E-0002   0.00000000000000000000000000000000000        0.668614458809231706125433871573613450        0.314631859788654842297541543865036937         700.000000000000000000000000000000000        0.997269680000000000000000000000000041         4.50000000000000000000000000000000000         2.35990204137195918391110439693056987         2.22757095763621093526543494489551622         1478.27047708879043667927415634231554         10129.6927133517309879783663450392985      
   4.40623642777350659674827309730216867         1.00000000000000000000000000000000002E-0002   0.00000000000000000000000000000000000        0.668614458809231706125433871573613450        0.314631859788654842297541543865036937         700.000000000000000000000000000000000        0.997269680000000000000000000000000041         4.50000000000000000000000000000000000         2.33667999861668944981551134692009635         2.23085061567546837817983707156610683         1756.69006098319903619328758892633233         10553.5080934152656075042558388439888      
   5.15067807616804459677240457189689610         1.00000000000000000000000000000000002E-0002   0.00000000000000000000000000000000000        0.668614458809231706125433871573613450        0.314631859788654842297541543865036937         700.000000000000000000000000000000000        0.997269680000000000000000000000000041         4.50000000000000000000000000000000000         2.32932824385487572478596290761150707         2.22573982490802339408795535291798372         2092.93534866318323402126024060840675         10991.5658836200029695302671549851202      
   6.02089449333603528122237855156179167         1.00000000000000000000000000000000002E-0002   0.00000000000000000000000000000000000        0.668614458809231706125433871573613450        0.314631859788654842297541543865036937         700.000000000000000000000000000000000        0.997269680000000000000000000000000041         4.50000000000000000000000000000000000         2.33460935355551944097268825437434548         2.25079351569791850979895400222248548         2500.22817939780328491502255804500105         11444.6463574936351474277877291810519      
   7.03813555493144206865511590531831219         1.00000000000000000000000000000000002E-0002   0.00000000000000000000000000000000000        0.668614458809231706125433871573613450        0.314631859788654842297541543865036937         700.000000000000000000000000000000000        0.997269680000000000000000000000000041         4.50000000000000000000000000000000000         2.35067103344165076137057795260835961         2.26931512518704119893958148142822452         2995.00497226472002623697172156458234         11914.4101599138243712410754410790248      
   8.22724134170033439891913645948563513         1.00000000000000000000000000000000002E-0002   0.00000000000000000000000000000000000        0.668614458809231706125433871573613450        0.314631859788654842297541543865036937         700.000000000000000000000000000000000        0.997269680000000000000000000000000041         4.50000000000000000000000000000000000         2.37592861566065662930974206225548184         2.30276258324373128036617542195663464         3597.45260606712779582686481349507533         12402.9985717394794248883359808639820      
   9.61724871115280148891365981531152788         1.00000000000000000000000000000000002E-0002   0.00000000000000000000000000000000000        0.668614458809231706125433871573613450        0.314631859788654842297541543865036937         700.000000000000000000000000000000000        0.997269680000000000000000000000000041         4.50000000000000000000000000000000000         2.40885112674699440942159386995078111         2.34802576941628663804254733963251957         4333.47459204556401444556189626536166         12913.2320899598926331582094177722133      
   11.2421003506206724966876546232137829         1.00000000000000000000000000000000002E-0002   0.00000000000000000000000000000000000        0.668614458809231706125433871573613450        0.314631859788654842297541543865036937         700.000000000000000000000000000000000        0.997269680000000000000000000000000041         4.50000000000000000000000000000000000         2.44828621292784644095614611458038007         2.38867110876236020364632841105149702         5234.91650770066723483428725003817857         13447.4688890556071745049176497454806      
   13.1414736261173323781259363224383357         1.00000000000000000000000000000000002E-0002   0.00000000000000000000000000000000000        0.668614458809231706125433871573613450        0.314631859788654842297541543865036937         700.000000000000000000000000000000000        0.997269680000000000000000000000000041         4.50000000000000000000000000000000000         2.49319014474851454786463305712937437         2.43894656424838804376543908307041892         6341.47466455829921921062649183218974         14009.9013953972061015706924851210485      
   15.3617494667180064076061514480362130         1.00000000000000000000000000000000002E-0002   0.00000000000000000000000000000000000        0.668614458809231706125433871573613450        0.314631859788654842297541543865036937         700.000000000000000000000000000000000        0.997269680000000000000000000000000041         4.50000000000000000000000000000000000         2.54251738042385164729308954671779027         2.49312415135698622035793658801861118         7709.33753568316298021865695335135821         14607.4008415178397672229704208573950      
   17.9571449437160708671633371312424977         1.00000000000000000000000000000000002E-0002   0.00000000000000000000000000000000000        0.668614458809231706125433871573613450        0.314631859788654842297541543865036937         700.000000000000000000000000000000000        0.997269680000000000000000000000000041         4.50000000000000000000000000000000000         2.59594334081397092075771602107168284         2.55069438268963556642138114801792287         9434.40661213947041292339090624490383         15258.4087320496095720638425911727947      
   20.9910372010851508531598657741734485         1.00000000000000000000000000000000002E-0002   0.00000000000000000000000000000000000        0.668614458809231706125433871573613450        0.314631859788654842297541543865036937         700.000000000000000000000000000000000        0.997269680000000000000000000000000041         4.50000000000000000000000000000000000         2.65277666633921579037042800486989748         2.61735156487045806457708056366491656         11571.2697375463091839588830247961523         15956.0968229338199451747336550767376      
   24.5375110663977073087666464515577811         1.00000000000000000000000000000000002E-0002   0.00000000000000000000000000000000000        0.668614458809231706125433871573613450        0.314631859788654842297541543865036937         700.000000000000000000000000000000000        0.997269680000000000000000000000000041         4.50000000000000000000000000000000000         2.71035716211724158386724309114227036         2.67528307499525750128076686716809203         14228.5051269480640474959835936484934         16708.3975961071956211326271934144475      
   28.6831681334195523680283602850564858         1.00000000000000000000000000000000002E-0002   0.00000000000000000000000000000000000        0.668614458809231706125433871573613450        0.314631859788654842297541543865036937         700.000000000000000000000000000000000        0.997269680000000000000000000000000041         4.50000000000000000000000000000000000         2.76824896470282416205888444960048236         2.73386841334170354219918683210569605         17543.2668337674339382666134354984921         17524.9807632973328213212760268417786      
   33.5292414924949040271874656494001886         1.00000000000000000000000000000000002E-0002   0.00000000000000000000000000000000000        0.668614458809231706125433871573613450        0.314631859788654842297541543865036937         700.000000000000000000000000000000000        0.997269680000000000000000000000000041         4.50000000000000000000000000000000000         2.82628148438932311337586295055016675         2.79462970654750500942051150500628959         21692.8443291438201654277924347535655         18416.8617459837755169467086275244410      
   39.1940677484714005393991778548998321         1.00000000000000000000000000000000002E-0002   0.00000000000000000000000000000000000        0.668614458809231706125433871573613450        0.314631859788654842297541543865036937         700.000000000000000000000000000000000        0.997269680000000000000000000000000041         4.50000000000000000000000000000000000         2.88422135533592453972693141746194963         2.85538880418748183206294811972806400         26903.7762076478590133906094731429727         19395.1457978292285260822908649409855      
   45.8159766905439630362710978991045439         1.00000000000000000000000000000000002E-0002   0.00000000000000000000000000000000000        0.668614458809231706125433871573613450        0.314631859788654842297541543865036937         700.000000000000000000000000000000000        0.997269680000000000000000000000000041         4.50000000000000000000000000000000000         2.94150320159081533250330843144108319         2.91511026290453921838517223564320546         33468.3922890591542320677735011715067         20473.1759903896973685102665661136243      
   53.5566691770678599007109945969810989         1.00000000000000000000000000000000002E-0002   0.00000000000000000000000000000000000        0.668614458809231706125433871573613450        0.314631859788654842297541543865036937         700.000000000000000000000000000000000        0.997269680000000000000000000000000041         4.50000000000000000000000000000000000         2.99786329777875680552050380098170257         2.97374290184786565565386122200657882         41768.6013070957018184065727553094068         21665.7636419867276977081166797419921      
   62.6051657201468613241330831585259569         1.00000000000000000000000000000000002E-0002   0.00000000000000000000000000000000000        0.668614458809231706125433871573613450        0.314631859788654842297541543865036937         700.000000000000000000000000000000000        0.997269680000000000000000000000000041         4.50000000000000000000000000000000000         3.05333554008456624158071827276805555         3.03123306904478594928419673768826913         52302.3589555375657418574315311851116         22989.6459894622702555370234802388761      
   73.1824221907601608644151979650431544         1.00000000000000000000000000000000002E-0002   0.00000000000000000000000000000000000        0.668614458809231706125433871573613450        0.314631859788654842297541543865036937         700.000000000000000000000000000000000        0.997269680000000000000000000000000041         4.50000000000000000000000000000000000         3.10633301015473842633818503375216415         3.08606605603569580403077760892453439         65691.1479398511314326347645052643150         25451.4115424707084878327774053833857      
   85.5467253556549121992084376946468305         1.00000000000000000000000000000000002E-0002   0.00000000000000000000000000000000000        0.668614458809231706125433871573613450        0.314631859788654842297541543865036937         700.000000000000000000000000000000000        0.997269680000000000000000000000000041         4.50000000000000000000000000000000000         3.15869216620018492554393323887654924         3.14009575918752964968778577668699111         82833.6251150476563436155562509849132         28746.3735417805527043122495955629720      
   99.9999999999977450549393651236635511         1.00000000000000000000000000000000002E-0002   0.00000000000000000000000000000000000        0.668614458809231706125433871573613450        0.314631859788654842297541543865036937         700.000000000000000000000000000000000        0.997269680000000000000000000000000041         4.50000000000000000000000000000000000         3.20863523788269187399511489551902471         3.19165178525157144739976590707643081         104863.712403468958531071698331233400         32768.3693961993907381269501966037197      
