 mass envelope_frac water_frac mantle_frac core_frac T_eq period age radius transit_radius inner_pressure inner_temperature
  0.924914727721723069975076841441740229         1.00000000000000000000000000000000002E-0002   0.00000000000000000000000000000000000        0.668614458809231706125433871573613450        0.314631859788654842297541543865036937         278.311176733591166694393935160429533        0.997269680000000000000000000000000041         4.50000000000000000000000000000000000         1.94850379517172432661690404194017625         1.91337151723678656760853853777351048         330.483143166377795103876431569489259         5705.79584016922345182417210996232367      
   1.08118075107659558294008407680797904         1.00000000000000000000000000000000002E-0002   0.00000000000000000000000000000000000        0.668614458809231706125433871573613450        0.314631859788654842297541543865036937         278.311176733591166694393935160429533        0.997269680000000000000000000000000041         4.50000000000000000000000000000000000         1.88111696055734131432494490248556213         1.75494298221590768036820766096750743         395.380314098905680302760461389835827         6137.80699834750539194849796804518218      
   1.26384820293428297393143145034979693         1.00000000000000000000000000000000002E-0002   0.00000000000000000000000000000000000        0.668614458809231706125433871573613450        0.314631859788654842297541543865036937         278.311176733591166694393935160429533        0.997269680000000000000000000000000041         4.50000000000000000000000000000000000         1.83841619824933951718511457330741316         1.73078288346003767666570945631662601         469.343637347647619744416156036769190         6562.50033160426658326491093543334782      
   1.47737765259849314120313550965780184         1.00000000000000000000000000000000002E-0002   0.00000000000000000000000000000000000        0.668614458809231706125433871573613450        0.314631859788654842297541543865036937         278.311176733591166694393935160429533        0.997269680000000000000000000000000041         4.50000000000000000000000000000000000         1.81440517383690597277212954206644257         1.72150195471089784794521779493399186         554.396275958749289346736175824334996         6988.54057361811973915206895479924853      
   1.72698329065941322833690541271540751         1.00000000000000000000000000000000002E-0002   0.00000000000000000000000000000000000        0.668614458809231706125433871573613450        0.314631859788654842297541543865036937         278.311176733591166694393935160429533        0.997269680000000000000000000000000041         4.50000000000000000000000000000000000         1.80638948375495739791765357722864717         1.72503272979666724022107981657384043         649.079929665892080486256523578643461         7544.24591929639271047108954609046746      
   2.01876025467901228775424997274769394         1.00000000000000000000000000000000002E-0002   0.00000000000000000000000000000000000        0.668614458809231706125433871573613450        0.314631859788654842297541543865036937         278.311176733591166694393935160429533        0.997269680000000000000000000000000041         4.50000000000000000000000000000000000         1.80942072280541861638760359322795092         1.73763457351712066762703410295572500         761.776002810453877542457863197667314         8134.45602910445954045307937579812263      
   2.35983346678216275548592125206161933         1.00000000000000000000000000000000002E-0002   0.00000000000000000000000000000000000        0.668614458809231706125433871573613450        0.314631859788654842297541543865036937         278.311176733591166694393935160429533        0.997269680000000000000000000000000041         4.50000000000000000000000000000000000         1.82155428308453811828439127877492179         1.75758840441121825805676614249451798         896.037635911124239776245695480370963         8754.27786181232200419196347802237522      
   2.75853161762914517168410871768625645         1.00000000000000000000000000000000002E-0002   0.00000000000000000000000000000000000        0.668614458809231706125433871573613450        0.314631859788654842297541543865036937         278.311176733591166694393935160429533        0.997269680000000000000000000000000041         4.50000000000000000000000000000000000         1.84148470652463832867539336444837407         1.78394150472044550884918334840252471         1056.19665743106637391020821121073739         9323.04360752993872786477783495518138      
   3.22459054529634921226258931654514848         1.00000000000000000000000000000000002E-0002   0.00000000000000000000000000000000000        0.668614458809231706125433871573613450        0.314631859788654842297541543865036937         278.311176733591166694393935160429533        0.997269680000000000000000000000000041         4.50000000000000000000000000000000000         1.86846530562648368979388123810676106         1.81670356734046125985873091705235590         1247.31105114329446682285595639741521         9719.40127391992411852708175923783811      
   3.76939097538830660736012285908434365         1.00000000000000000000000000000000002E-0002   0.00000000000000000000000000000000000        0.668614458809231706125433871573613450        0.314631859788654842297541543865036937         278.311176733591166694393935160429533        0.997269680000000000000000000000000041         4.50000000000000000000000000000000000         1.90065213450943975396412113532923132         1.85353880345333370844033028508886655         1478.52319340789491536628715357999305         10130.1892870993864372960975800205830      
   4.40623642777350659674827309730216867         1.00000000000000000000000000000000002E-0002   0.00000000000000000000000000000000000        0.668614458809231706125433871573613450        0.314631859788654842297541543865036937         278.311176733591166694393935160429533        0.997269680000000000000000000000000041         4.50000000000000000000000000000000000         1.93791341830715370358292121258976478         1.89499214691248890340176950280212123         1756.91486283425195512437432366595701         10554.1030061446634096230143330873034      
   5.15067807616804459677240457189689610         1.00000000000000000000000000000000002E-0002   0.00000000000000000000000000000000000        0.668614458809231706125433871573613450        0.314631859788654842297541543865036937         278.311176733591166694393935160429533        0.997269680000000000000000000000000041         4.50000000000000000000000000000000000         1.97966419321830216072381498022928529         1.94057903929141342022991095822669838         2093.15685622998217519812466813383247         10992.1861240995642058377356349398562      
   6.02089449333603528122237855156179167         1.00000000000000000000000000000000002E-0002   0.00000000000000000000000000000000000        0.668614458809231706125433871573613450        0.314631859788654842297541543865036937         278.311176733591166694393935160429533        0.997269680000000000000000000000000041         4.50000000000000000000000000000000000         2.02548854636020558320181263133587587         1.98962416933037857377619644617086189         2500.36927074977382778379230393694380         11445.3492220974352104578603618038767      
   7.03813555493144206865511590531831219         1.00000000000000000000000000000000002E-0002   0.00000000000000000000000000000000000        0.668614458809231706125433871573613450        0.314631859788654842297541543865036937         278.311176733591166694393935160429533        0.997269680000000000000000000000000041         4.50000000000000000000000000000000000         2.07500721703379282232913695164759936         2.04191952206550848109885935497449386         2994.98508562520890139837300079798659         11915.2193840797157085420744820247287      
   8.22724134170033439891913645948563513         1.00000000000000000000000000000000002E-0002   0.00000000000000000000000000000000000        0.668614458809231706125433871573613450        0.314631859788654842297541543865036937         278.311176733591166694393935160429533        0.997269680000000000000000000000000041         4.50000000000000000000000000000000000         2.12792484911742157294384506030320919         2.09735139330221904936986571169930068         3597.65577094503096889073867238854401         12404.0103918524070819499225700100855      
   9.61724871115280148891365981531152788         1.00000000000000000000000000000000002E-0002   0.00000000000000000000000000000000000        0.668614458809231706125433871573613450        0.314631859788654842297541543865036937         278.311176733591166694393935160429533        0.997269680000000000000000000000000041         4.50000000000000000000000000000000000         2.18394492880824496748057953167044492         2.15572637461364548013248772917699306         4333.66242028120491004823173191137656         12913.9399486440739313542153516867439      
   11.2421003506206724966876546232137829         1.00000000000000000000000000000000002E-0002   0.00000000000000000000000000000000000        0.668614458809231706125433871573613450        0.314631859788654842297541543865036937         278.311176733591166694393935160429533        0.997269680000000000000000000000000041         4.50000000000000000000000000000000000         2.24281036152656658503883914044893759         2.21659393191404153567895532650927805         5234.96332283569899234796805037614867         13448.2483967734361683684470854645526      
   13.1414736261173323781259363224383357         1.00000000000000000000000000000000002E-0002   0.00000000000000000000000000000000000        0.668614458809231706125433871573613450        0.314631859788654842297541543865036937         278.311176733591166694393935160429533        0.997269680000000000000000000000000041         4.50000000000000000000000000000000000         2.30425105718753342506547860157217350         2.28000160284170662670106656620784114         6341.94195813378911887506510590230624         14010.9741539982777671996154102027703      
   15.3617494667180064076061514480362130         1.00000000000000000000000000000000002E-0002   0.00000000000000000000000000000000000        0.668614458809231706125433871573613450        0.314631859788654842297541543865036937         278.311176733591166694393935160429533        0.997269680000000000000000000000000041         4.50000000000000000000000000000000000         2.36774877463633303665741485878511431         2.34517449371147470522836874724163006         7710.03482682680971463667554030437105         14608.8019718085308768728782357010787      
   17.9571449437160708671633371312424977         1.00000000000000000000000000000000002E-0002   0.00000000000000000000000000000000000        0.668614458809231706125433871573613450        0.314631859788654842297541543865036937         278.311176733591166694393935160429533        0.997269680000000000000000000000000041         4.50000000000000000000000000000000000         2.43127999909319791928301087587186757         2.41041938037668151896752657776280574         9439.45479890312160966417997397492211         15261.6296727689711426104527677571240      
   20.9910372010851508531598657741734485         1.00000000000000000000000000000000002E-0002   0.00000000000000000000000000000000000        0.668614458809231706125433871573613450        0.314631859788654842297541543865036937         278.311176733591166694393935160429533        0.997269680000000000000000000000000041         4.50000000000000000000000000000000000         2.49651474108883750706242482458749037         2.47721092505145871115361213734091305         11582.9580307291756785048881186504551         15961.4154389056543125235973806491096      
   24.5375110663977073087666464515577811         1.00000000000000000000000000000000002E-0002   0.00000000000000000000000000000000000        0.668614458809231706125433871573613450        0.314631859788654842297541543865036937         278.311176733591166694393935160429533        0.997269680000000000000000000000000041         4.50000000000000000000000000000000000         2.56342013129354710696836228421497376         2.54548645500353903293298544837658336         14247.7736143552568517156928479587598         16716.0864051140984944308450795543131      
   28.6831681334195523680283602850564858         1.00000000000000000000000000000000002E-0002   0.00000000000000000000000000000000000        0.668614458809231706125433871573613450        0.314631859788654842297541543865036937         278.311176733591166694393935160429533        0.997269680000000000000000000000000041         4.50000000000000000000000000000000000         2.63146335464469535791361012761919829         2.61470116110663684021494503764701511         17569.7218370939908521550786830141731         17534.4240320760114327909610636439679      
   33.5292414924949040271874656494001886         1.00000000000000000000000000000000002E-0002   0.00000000000000000000000000000000000        0.668614458809231706125433871573613450        0.314631859788654842297541543865036937         278.311176733591166694393935160429533        0.997269680000000000000000000000000041         4.50000000000000000000000000000000000         2.70004551165672692098480728154038348         2.68438301829209668500865469437736854         21724.6219732806930229175027731939295         18426.8955934213959722698018876683318      
   39.1940677484714005393991778548998321         1.00000000000000000000000000000000002E-0002   0.00000000000000000000000000000000000        0.668614458809231706125433871573613450        0.314631859788654842297541543865036937         278.311176733591166694393935160429533        0.997269680000000000000000000000000041         4.50000000000000000000000000000000000         2.76849837913274028290390189961633100         2.75390398992012518446389825492541439         26939.0137598074977263459042519282008         19405.3502923326674075615253799716922      
   45.8159766905439630362710978991045439         1.00000000000000000000000000000000002E-0002   0.00000000000000000000000000000000000        0.668614458809231706125433871573613450        0.314631859788654842297541543865036937         278.311176733591166694393935160429533        0.997269680000000000000000000000000041         4.50000000000000000000000000000000000         2.83609608285638921051278677244748472         2.82255441863125871877225436673622162         33506.3223430577363942458468950308564         20483.1547427849555366046364734020794      
   53.5566691770678599007109945969810989         1.00000000000000000000000000000000002E-0002   0.00000000000000000000000000000000000        0.668614458809231706125433871573613450        0.314631859788654842297541543865036937         278.311176733591166694393935160429533        0.997269680000000000000000000000000041         4.50000000000000000000000000000000000         2.90211568592073108513254988400679024         2.88932636955795473665725709264651236         41810.5123099212075134326279797069714         21675.6356073785995657567736390865751      
   62.6051657201468613241330831585259569         1.00000000000000000000000000000000002E-0002   0.00000000000000000000000000000000000        0.668614458809231706125433871573613450        0.314631859788654842297541543865036937         278.311176733591166694393935160429533        0.997269680000000000000000000000000041         4.50000000000000000000000000000000000         2.96577218130792495500664880381921262         2.95402658408940428708010205479957436         52348.9511118367060750065261965936769         22999.4207574704569381561228679625034      
   73.1824221907601608644151979650431544         1.00000000000000000000000000000000002E-0002   0.00000000000000000000000000000000000        0.668614458809231706125433871573613450        0.314631859788654842297541543865036937         278.311176733591166694393935160429533        0.997269680000000000000000000000000041         4.50000000000000000000000000000000000         3.02629403558443261302529545678426679         3.01511241244039849274733123588072824         65781.8211994273376836038966478986557         24473.9108564188089085122434257677716      
   85.5467253556549121992084376946468305         1.00000000000000000000000000000000002E-0002   0.00000000000000000000000000000000000        0.668614458809231706125433871573613450        0.314631859788654842297541543865036937         278.311176733591166694393935160429533        0.997269680000000000000000000000000041         4.50000000000000000000000000000000000         3.09341601569550588553496235753819679         3.08296771466114225491498880049874854         81610.2598022197598598133973274861905         26047.5994173430201008764482055434996      
   99.9999999999977450549393651236635511         1.00000000000000000000000000000000002E-0002   0.00000000000000000000000000000000000        0.668614458809231706125433871573613450        0.314631859788654842297541543865036937         278.311176733591166694393935160429533        0.997269680000000000000000000000000041         4.50000000000000000000000000000000000         3.13722552059999885533160836979347352         3.12735396785846682321164792023533379         105095.697020789145952472027283735995         29820.6805949030424112802415157756649      
