 mass envelope_frac water_frac mantle_frac core_frac T_eq period age radius transit_radius inner_pressure inner_temperature
  0.924914727721723069975076841441740229         1.00000000000000000000000000000000002E-0002   2.58601594936164638399999999999999980E-0004  0.668439807531003980999999999999999969        0.314370646056396090137541543865036903         500.000000000000000000000000000000000        0.997269680000000000000000000000000041         4.50000000000000000000000000000000000         3.33153153687200951690591419260538783         2.18676584599114683275782829263029375         330.448501166042499301937582696713410         5705.57884984722321455690182400902318      
   1.08118075107659558294008407680797904         1.00000000000000000000000000000000002E-0002   2.58601594936164638399999999999999980E-0004  0.668439807531003980999999999999999969        0.314370646056396090137541543865036903         500.000000000000000000000000000000000        0.997269680000000000000000000000000041         4.50000000000000000000000000000000000         2.83543137967165068219797973201206703         2.06369102463365282104757494720474541         395.188647532601396184945709472267797         6136.40136281647606878133058211954755      
   1.26384820293428297393143145034979693         1.00000000000000000000000000000000002E-0002   2.58601594936164638399999999999999980E-0004  0.668439807531003980999999999999999969        0.314370646056396090137541543865036903         500.000000000000000000000000000000000        0.997269680000000000000000000000000041         4.50000000000000000000000000000000000         2.54699858813485531971279439041498937         1.98191849336836494390610636982619596         469.202027522283754380766579836106756         6561.45137742121623486554091927822369      
   1.47737765259849314120313550965780184         1.00000000000000000000000000000000002E-0002   2.58601594936164638399999999999999980E-0004  0.668439807531003980999999999999999969        0.314370646056396090137541543865036903         500.000000000000000000000000000000000        0.997269680000000000000000000000000041         4.50000000000000000000000000000000000         2.36648696682177030243964358703055082         1.93307312259808098687190455995913756         554.266440299119460369835072109313147         6987.58772918658034015628780670094165      
   1.72698329065941322833690541271540751         1.00000000000000000000000000000000002E-0002   2.58601594936164638399999999999999980E-0004  0.668439807531003980999999999999999969        0.314370646056396090137541543865036903         500.000000000000000000000000000000000        0.997269680000000000000000000000000041         4.50000000000000000000000000000000000         2.25226805858901196661221397125386652         1.90883212093439230920474124937256047         648.958088909647991233655202762407100         7543.34928782402481750723188508602940      
   2.01876025467901228775424997274769394         1.00000000000000000000000000000000002E-0002   2.58601594936164638399999999999999980E-0004  0.668439807531003980999999999999999969        0.314370646056396090137541543865036903         500.000000000000000000000000000000000        0.997269680000000000000000000000000041         4.50000000000000000000000000000000000         2.17851362223017072232294670060822113         1.89764467861358157162871440278313508         761.622118203758320706435299433088646         8133.26876614990601981976190625747562      
   2.35983346678216275548592125206161933         1.00000000000000000000000000000000002E-0002   2.58601594936164638399999999999999980E-0004  0.668439807531003980999999999999999969        0.314370646056396090137541543865036903         500.000000000000000000000000000000000        0.997269680000000000000000000000000041         4.50000000000000000000000000000000000         2.13294883597743726627419540336457060         1.89927650351356572518125660828987896         895.887917821660842407444840966665756         8752.89352685962074035634967427459318      
   2.75853161762914517168410871768625645         1.00000000000000000000000000000000002E-0002   2.58601594936164638399999999999999980E-0004  0.668439807531003980999999999999999969        0.314370646056396090137541543865036903         500.000000000000000000000000000000000        0.997269680000000000000000000000000041         4.50000000000000000000000000000000000         2.10823490708117785954176288524537184         1.91537967824431501604451747365497146         1055.91462496987215738844203446675505         9322.32068828243131825443789980906025      
   3.22459054529634921226258931654514848         1.00000000000000000000000000000000002E-0002   2.58601594936164638399999999999999980E-0004  0.668439807531003980999999999999999969        0.314370646056396090137541543865036903         500.000000000000000000000000000000000        0.997269680000000000000000000000000041         4.50000000000000000000000000000000000         2.09983114122198584687782914847013605         1.93473862471294789368189387644970293         1247.00714935856776555838894840701666         9718.75295427812232548031482640612782      
   3.76939097538830660736012285908434365         1.00000000000000000000000000000000002E-0002   2.58601594936164638399999999999999980E-0004  0.668439807531003980999999999999999969        0.314370646056396090137541543865036903         500.000000000000000000000000000000000        0.997269680000000000000000000000000041         4.50000000000000000000000000000000000         2.10317927059426968530579863753671231         1.96042495814064272971822543485354609         1478.14523657590501042108679729720970         10129.4779218888278809161161843115487      
   4.40623642777350659674827309730216867         1.00000000000000000000000000000000002E-0002   2.58601594936164638399999999999999980E-0004  0.668439807531003980999999999999999969        0.314370646056396090137541543865036903         500.000000000000000000000000000000000        0.997269680000000000000000000000000041         4.50000000000000000000000000000000000         2.11662520464598866260261228984329445         1.99248814797160952324228072073649777         1756.53131427791575488198051239545185         10553.5144569934037201969837250685899      
   5.15067807616804459677240457189689610         1.00000000000000000000000000000000002E-0002   2.58601594936164638399999999999999980E-0004  0.668439807531003980999999999999999969        0.314370646056396090137541543865036903         500.000000000000000000000000000000000        0.997269680000000000000000000000000041         4.50000000000000000000000000000000000         2.13840529585702100843043855219750834         2.02920757629315486874976915374969824         2092.64266744638893421526747308136911         10991.4856661877470690942065189928652      
   6.02089449333603528122237855156179167         1.00000000000000000000000000000000002E-0002   2.58601594936164638399999999999999980E-0004  0.668439807531003980999999999999999969        0.314370646056396090137541543865036903         500.000000000000000000000000000000000        0.997269680000000000000000000000000041         4.50000000000000000000000000000000000         2.16732539979358934869784414216605582         2.07101935918636375279432869680163178         2499.79690521656721104955869061833351         11444.7035119346935460816614829701181      
   7.03813555493144206865511590531831219         1.00000000000000000000000000000000002E-0002   2.58601594936164638399999999999999980E-0004  0.668439807531003980999999999999999969        0.314370646056396090137541543865036903         500.000000000000000000000000000000000        0.997269680000000000000000000000000041         4.50000000000000000000000000000000000         2.20233405780835850007871205673953162         2.11709140414486050027301916917219654         2994.38409194177451608428693579346417         11914.6741360602575159973600402467929      
   8.22724134170033439891913645948563513         1.00000000000000000000000000000000002E-0002   2.58601594936164638399999999999999980E-0004  0.668439807531003980999999999999999969        0.314370646056396090137541543865036903         500.000000000000000000000000000000000        0.997269680000000000000000000000000041         4.50000000000000000000000000000000000         2.24270802013271805221467951143626094         2.16678912049150396294733094915968419         3596.73441727014452465116846252117840         12403.2479016187608039124880977876112      
   9.61724871115280148891365981531152788         1.00000000000000000000000000000000002E-0002   2.58601594936164638399999999999999980E-0004  0.668439807531003980999999999999999969        0.314370646056396090137541543865036903         500.000000000000000000000000000000000        0.997269680000000000000000000000000041         4.50000000000000000000000000000000000         2.28780548007796264452357888358003403         2.22006415863104396136882866542013380         4332.68508193766905236183899825216146         12913.2921754066635122304223667335090      
   11.2421003506206724966876546232137829         1.00000000000000000000000000000000002E-0002   2.58601594936164638399999999999999980E-0004  0.668439807531003980999999999999999969        0.314370646056396090137541543865036903         500.000000000000000000000000000000000        0.997269680000000000000000000000000041         4.50000000000000000000000000000000000         2.33713607800930449441016304783786792         2.27655845622112345528788943590522910         5233.72308459507444485462435167263209         13447.5457646303088518087723032493408      
   13.1414736261173323781259363224383357         1.00000000000000000000000000000000002E-0002   2.58601594936164638399999999999999980E-0004  0.668439807531003980999999999999999969        0.314370646056396090137541543865036903         500.000000000000000000000000000000000        0.997269680000000000000000000000000041         4.50000000000000000000000000000000000         2.39041747965231357980240827593100753         2.33601786827781626581059552067797169         6340.45171327343866204464554086542399         14010.2631834406623062859453861397165      
   15.3617494667180064076061514480362130         1.00000000000000000000000000000000002E-0002   2.58601594936164638399999999999999980E-0004  0.668439807531003980999999999999999969        0.314370646056396090137541543865036903         500.000000000000000000000000000000000        0.997269680000000000000000000000000041         4.50000000000000000000000000000000000         2.44715989622912776063979589211949886         2.39872774696159882856255811267947826         7708.35010588251794015242325635145121         14608.1348478535410698876947046953462      
   17.9571449437160708671633371312424977         1.00000000000000000000000000000000002E-0002   2.58601594936164638399999999999999980E-0004  0.668439807531003980999999999999999969        0.314370646056396090137541543865036903         500.000000000000000000000000000000000        0.997269680000000000000000000000000041         4.50000000000000000000000000000000000         2.50500058515550824369483024972482541         2.46159328349711439990298741728086101         9437.21020889126660107393851568892280         15260.8778542577571877106574864316738      
   20.9910372010851508531598657741734485         1.00000000000000000000000000000000002E-0002   2.58601594936164638399999999999999980E-0004  0.668439807531003980999999999999999969        0.314370646056396090137541543865036903         500.000000000000000000000000000000000        0.997269680000000000000000000000000041         4.50000000000000000000000000000000000         2.56531884679001698754950026186159277         2.52664759977929184780851930348176908         11580.5845063260375002909149277083731         15960.7912188086597999872420406061850      
   24.5375110663977073087666464515577811         1.00000000000000000000000000000000002E-0002   2.58601594936164638399999999999999980E-0004  0.668439807531003980999999999999999969        0.314370646056396090137541543865036903         500.000000000000000000000000000000000        0.997269680000000000000000000000000041         4.50000000000000000000000000000000000         2.62762069462621676487306537986229213         2.59249803519711598666079440783792651         14244.1544460984404872268030917289412         16715.2284496814948097417429231711037      
   28.6831681334195523680283602850564858         1.00000000000000000000000000000000002E-0002   2.58601594936164638399999999999999980E-0004  0.668439807531003980999999999999999969        0.314370646056396090137541543865036903         500.000000000000000000000000000000000        0.997269680000000000000000000000000041         4.50000000000000000000000000000000000         2.69114312960368594145525490761212958         2.65955700346959360247878190342118737         17565.2196787954938354209008135495099         17533.5343592707769603857881919550525      
   33.5292414924949040271874656494001886         1.00000000000000000000000000000000002E-0002   2.58601594936164638399999999999999980E-0004  0.668439807531003980999999999999999969        0.314370646056396090137541543865036903         500.000000000000000000000000000000000        0.997269680000000000000000000000000041         4.50000000000000000000000000000000000         2.75524701497186388511851407800496987         2.72711154818074381157284154591686342         21719.0550664253081471746979180788300         18425.9801102712515894241317024746913      
   39.1940677484714005393991778548998321         1.00000000000000000000000000000000002E-0002   2.58601594936164638399999999999999980E-0004  0.668439807531003980999999999999999969        0.314370646056396090137541543865036903         500.000000000000000000000000000000000        0.997269680000000000000000000000000041         4.50000000000000000000000000000000000         2.81922313384753727616212566082300865         2.79376786921928205867578022054926569         26933.5508242795318781768880302317417         19404.6769653734239157115326243902399      
   45.8159766905439630362710978991045439         1.00000000000000000000000000000000002E-0002   2.58601594936164638399999999999999980E-0004  0.668439807531003980999999999999999969        0.314370646056396090137541543865036903         500.000000000000000000000000000000000        0.997269680000000000000000000000000041         4.50000000000000000000000000000000000         2.88236076406770803260551573496067991         2.85948327122785095932141977931536816         33499.8540735420640399723455145103213         20482.5331710152069612148376760099325      
   53.5566691770678599007109945969810989         1.00000000000000000000000000000000002E-0002   2.58601594936164638399999999999999980E-0004  0.668439807531003980999999999999999969        0.314370646056396090137541543865036903         500.000000000000000000000000000000000        0.997269680000000000000000000000000041         4.50000000000000000000000000000000000         2.94402639281026487264326754068226721         2.92365955951320040577476824528836205         41801.2224702258384420258281744798490         21674.9025889221782018873663769404586      
   62.6051657201468613241330831585259569         1.00000000000000000000000000000000002E-0002   2.58601594936164638399999999999999980E-0004  0.668439807531003980999999999999999969        0.314370646056396090137541543865036903         500.000000000000000000000000000000000        0.997269680000000000000000000000000041         4.50000000000000000000000000000000000         3.00370134636819239596789337728028427         2.98552674876153792469572827490127633         52337.6697654999366590602380105496892         22998.7297455179619403117479769317599      
   73.1824221907601608644151979650431544         1.00000000000000000000000000000000002E-0002   2.58601594936164638399999999999999980E-0004  0.668439807531003980999999999999999969        0.314370646056396090137541543865036903         500.000000000000000000000000000000000        0.997269680000000000000000000000000041         4.50000000000000000000000000000000000         3.06097483344553749827854139783732859         3.04484834044666310428369788923076156         65768.1084170601342795356943768417163         24473.2835477531818520715669892376157      
   85.5467253556549121992084376946468305         1.00000000000000000000000000000000002E-0002   2.58601594936164638399999999999999980E-0004  0.668439807531003980999999999999999969        0.314370646056396090137541543865036903         500.000000000000000000000000000000000        0.997269680000000000000000000000000041         4.50000000000000000000000000000000000         3.12655702131417378213518537419171487         3.11220886962128361675274178668268638         81462.0308795896389316552131458679990         26043.4505026903272849885444834267582      
   99.9999999999977450549393651236635511         1.00000000000000000000000000000000002E-0002   2.58601594936164638399999999999999980E-0004  0.668439807531003980999999999999999969        0.314370646056396090137541543865036903         500.000000000000000000000000000000000        0.997269680000000000000000000000000041         4.50000000000000000000000000000000000         3.21413558949822686267668399501454519         3.20100672845068218483792228965647536         98340.7903910781406070525245641175927         27829.3182854277462621533450003540306      
