 mass envelope_frac water_frac mantle_frac core_frac T_eq period age radius transit_radius inner_pressure inner_temperature
   1.47737765259849314120313550965780184         1.00000000000000000000000000000000002E-0002   0.00000000000000000000000000000000000        0.668614458809231706125433871573613450        0.314631859788654842297541543865036937         1000.00000000000000000000000000000000        0.997269680000000000000000000000000041         4.50000000000000000000000000000000000         17.8408504114698282883091617925665913         12.5486380373383915894063928910772609         551.915513974512529129465152107302061         6974.42928219027126825480083163574878      
   1.72698329065941322833690541271540751         1.00000000000000000000000000000000002E-0002   0.00000000000000000000000000000000000        0.668614458809231706125433871573613450        0.314631859788654842297541543865036937         1000.00000000000000000000000000000000        0.997269680000000000000000000000000041         4.50000000000000000000000000000000000         7.03302918045557814268117591765500261         4.97258558084523510758318207279405398         645.981804501313892596739637851698810         7524.36359968443950579998596793464569      
   2.01876025467901228775424997274769394         1.00000000000000000000000000000000002E-0002   0.00000000000000000000000000000000000        0.668614458809231706125433871573613450        0.314631859788654842297541543865036937         1000.00000000000000000000000000000000        0.997269680000000000000000000000000041         4.50000000000000000000000000000000000         4.95849085848703222880949530471572033         3.75340269764392321266091618809827485         757.806983607202771322181403020010646         8111.98860639977907823608210594979196      
   2.35983346678216275548592125206161933         1.00000000000000000000000000000000002E-0002   0.00000000000000000000000000000000000        0.668614458809231706125433871573613450        0.314631859788654842297541543865036937         1000.00000000000000000000000000000000        0.997269680000000000000000000000000041         4.50000000000000000000000000000000000         4.04887065518918244262427108401646797         3.24618895738561603633551878110861101         891.036510943191166325098536750140406         8729.73302427931159556582196966596292      
   2.75853161762914517168410871768625645         1.00000000000000000000000000000000002E-0002   0.00000000000000000000000000000000000        0.668614458809231706125433871573613450        0.314631859788654842297541543865036937         1000.00000000000000000000000000000000        0.997269680000000000000000000000000041         4.50000000000000000000000000000000000         3.55038185294768995617757868596754439         2.96087339865624310754358837116017430         1049.47060096039281516506560986643715         9316.52450892339292672761915941969578      
   3.22459054529634921226258931654514848         1.00000000000000000000000000000000002E-0002   0.00000000000000000000000000000000000        0.668614458809231706125433871573613450        0.314631859788654842297541543865036937         1000.00000000000000000000000000000000        0.997269680000000000000000000000000041         4.50000000000000000000000000000000000         3.25336542286264516988553083012411804         2.79417813938381540450082189038880124         1238.56479697721730099928317216770606         9711.07473225286531234451893224691675      
   3.76939097538830660736012285908434365         1.00000000000000000000000000000000002E-0002   0.00000000000000000000000000000000000        0.668614458809231706125433871573613450        0.314631859788654842297541543865036937         1000.00000000000000000000000000000000        0.997269680000000000000000000000000041         4.50000000000000000000000000000000000         3.06685263343867486689554346353052857         2.69820854172392114778392889303828965         1465.77318097956832392582944134151093         10119.0312799220740533902872551987848      
   4.40623642777350659674827309730216867         1.00000000000000000000000000000000002E-0002   0.00000000000000000000000000000000000        0.668614458809231706125433871573613450        0.314631859788654842297541543865036937         1000.00000000000000000000000000000000        0.997269680000000000000000000000000041         4.50000000000000000000000000000000000         3.00838921845573280609755579597024161         2.69311882745206860875938124320266679         1710.82837875632903626399968621134921         10517.9483735298580896650828018188384      
   5.15067807616804459677240457189689610         1.00000000000000000000000000000000002E-0002   0.00000000000000000000000000000000000        0.668614458809231706125433871573613450        0.314631859788654842297541543865036937         1000.00000000000000000000000000000000        0.997269680000000000000000000000000041         4.50000000000000000000000000000000000         2.90707521487520895581173089870810445         2.64522098386515236753701198609483309         2046.15617372584705886590765252699652         10957.7034262021581670880435470059530      
   6.02089449333603528122237855156179167         1.00000000000000000000000000000000002E-0002   0.00000000000000000000000000000000000        0.668614458809231706125433871573613450        0.314631859788654842297541543865036937         1000.00000000000000000000000000000000        0.997269680000000000000000000000000041         4.50000000000000000000000000000000000         2.84366824556063308440295338432479937         2.62192325754242036114328874935704863         2452.49126355896923568249961297001346         11412.7651156989077133488088011770126      
   7.03813555493144206865511590531831219         1.00000000000000000000000000000000002E-0002   0.00000000000000000000000000000000000        0.668614458809231706125433871573613450        0.314631859788654842297541543865036937         1000.00000000000000000000000000000000        0.997269680000000000000000000000000041         4.50000000000000000000000000000000000         2.83850607852159369758191762669417670         2.64498743085056254494392591923979066         2867.87491634976857226023591880596571         12590.7910254212443905807144312541575      
   8.22724134170033439891913645948563513         1.00000000000000000000000000000000002E-0002   0.00000000000000000000000000000000000        0.668614458809231706125433871573613450        0.314631859788654842297541543865036937         1000.00000000000000000000000000000000        0.997269680000000000000000000000000041         4.50000000000000000000000000000000000         2.82599691307392941906220971050690610         2.65764372847537553399422619244031336         3437.53619707955796047826228491792323         14109.4805320265800914675296662905317      
   9.61724871115280148891365981531152788         1.00000000000000000000000000000000002E-0002   0.00000000000000000000000000000000000        0.668614458809231706125433871573613450        0.314631859788654842297541543865036937         1000.00000000000000000000000000000000        0.997269680000000000000000000000000041         4.50000000000000000000000000000000000         2.82773567598520652509171352994300226         2.68024696150807142601084066956813677         4134.57303938171977908559956907258545         15726.4862040107346272449216617207902      
   11.2421003506206724966876546232137829         1.00000000000000000000000000000000002E-0002   0.00000000000000000000000000000000000        0.668614458809231706125433871573613450        0.314631859788654842297541543865036937         1000.00000000000000000000000000000000        0.997269680000000000000000000000000041         4.50000000000000000000000000000000000         2.84801427605746948717912697545939204         2.71729189623014280708323363970491299         4832.82370643234860494804156223223691         21373.3539344982650998503089850087693      
   13.1414736261173323781259363224383357         1.00000000000000000000000000000000002E-0002   0.00000000000000000000000000000000000        0.668614458809231706125433871573613450        0.314631859788654842297541543865036937         1000.00000000000000000000000000000000        0.997269680000000000000000000000000041         4.50000000000000000000000000000000000         2.86836643706139474807411918435819292         2.75271960161357567262155919290932807         5913.76502699528050090678651803566311         22884.7544041962519682065361772461179      
   15.3617494667180064076061514480362130         1.00000000000000000000000000000000002E-0002   0.00000000000000000000000000000000000        0.668614458809231706125433871573613450        0.314631859788654842297541543865036937         1000.00000000000000000000000000000000        0.997269680000000000000000000000000041         4.50000000000000000000000000000000000         2.90051543022452469271505371347266699         2.79756888247383393338724789256963419         6973.78929548456985089657803353277791         30202.9982313447421428828151436308920      
   17.9571449437160708671633371312424977         1.00000000000000000000000000000000002E-0002   0.00000000000000000000000000000000000        0.668614458809231706125433871573613450        0.314631859788654842297541543865036937         1000.00000000000000000000000000000000        0.997269680000000000000000000000000041         4.50000000000000000000000000000000000         2.93603100037615336758331746661944469         2.84396358807521462616066433877751151         8483.60602154390303605825146958183928         34724.5146523821365602483638839850018      
   20.9910372010851508531598657741734485         1.00000000000000000000000000000000002E-0002   0.00000000000000000000000000000000000        0.668614458809231706125433871573613450        0.314631859788654842297541543865036937         1000.00000000000000000000000000000000        0.997269680000000000000000000000000041         4.50000000000000000000000000000000000         2.96953846130296760762293092033201672         2.88744941449306079214134360565138280         10837.6376128111922667366653204280980         28399.6746760034245651020512636574164      
   24.5375110663977073087666464515577811         1.00000000000000000000000000000000002E-0002   0.00000000000000000000000000000000000        0.668614458809231706125433871573613450        0.314631859788654842297541543865036937         1000.00000000000000000000000000000000        0.997269680000000000000000000000000041         4.50000000000000000000000000000000000         3.01451376593440743518155927030711272         2.94093499710020077071218607186410902         13257.6854665914157431137319543908114         31944.6809112930814749026550695171842      
   28.6831681334195523680283602850564858         1.00000000000000000000000000000000002E-0002   0.00000000000000000000000000000000000        0.668614458809231706125433871573613450        0.314631859788654842297541543865036937         1000.00000000000000000000000000000000        0.997269680000000000000000000000000041         4.50000000000000000000000000000000000         3.06347585306915320120941429891948298         2.99738901740002060201147964377130937         16253.9158340051245648528359741173994         36090.6964611929550831145577934400366      
   33.5292414924949040271874656494001886         1.00000000000000000000000000000000002E-0002   0.00000000000000000000000000000000000        0.668614458809231706125433871573613450        0.314631859788654842297541543865036937         1000.00000000000000000000000000000000        0.997269680000000000000000000000000041         4.50000000000000000000000000000000000         3.11613320588177590247422254959450634         3.05661363042696936279168036382567165         19967.9993606443410833638526739729307         40968.4212855469427201337916333117289      
   45.8159766905439630362710978991045439         1.00000000000000000000000000000000002E-0002   0.00000000000000000000000000000000000        0.668614458809231706125433871573613450        0.314631859788654842297541543865036937         1000.00000000000000000000000000000000        0.997269680000000000000000000000000041         4.50000000000000000000000000000000000         3.24400395819968286779723613148867982         3.19536022008928536320183451997297579         28181.7113109690922531572151495166990         82001.9542681907210124528834359499293      
   53.5566691770678599007109945969810989         1.00000000000000000000000000000000002E-0002   0.00000000000000000000000000000000000        0.668614458809231706125433871573613450        0.314631859788654842297541543865036937         1000.00000000000000000000000000000000        0.997269680000000000000000000000000041         4.50000000000000000000000000000000000         3.31063117527295210136321196367982673         3.26664125438305115804354723127765359         34240.1171688837744140544890775026785         94757.1384372693029062015999042402910      
   62.6051657201468613241330831585259569         1.00000000000000000000000000000000002E-0002   0.00000000000000000000000000000000000        0.668614458809231706125433871573613450        0.314631859788654842297541543865036937         1000.00000000000000000000000000000000        0.997269680000000000000000000000000041         4.50000000000000000000000000000000000         3.38156697189080304696631085318477659         3.34169888109955448993299442840112533         41755.8216006983776484657196444833307         109691.981978392800754409478679618708      
   73.1824221907601608644151979650431544         1.00000000000000000000000000000000002E-0002   0.00000000000000000000000000000000000        0.668614458809231706125433871573613450        0.314631859788654842297541543865036937         1000.00000000000000000000000000000000        0.997269680000000000000000000000000041         4.50000000000000000000000000000000000         3.45384988978174954383874023139741392         3.41805774382781035222583276766823425         52320.8825565838448723780289686629230         128486.695915038729494166490180254211      
   85.5467253556549121992084376946468305         1.00000000000000000000000000000000002E-0002   0.00000000000000000000000000000000000        0.668614458809231706125433871573613450        0.314631859788654842297541543865036937         1000.00000000000000000000000000000000        0.997269680000000000000000000000000041         4.50000000000000000000000000000000000         3.52478454449980591613153311265345570         3.49239040515151286411223354225698441         67378.9286231156572905093173703958191         152110.914107729220334035168685571039      
