 mass envelope_frac water_frac mantle_frac core_frac T_eq period age radius transit_radius inner_pressure inner_temperature
   9.65883224115882606340667665118364882E-0002   0.00000000000000000000000000000000000        0.500000000000000000000000000000000000        0.337684070105672578851229228067481528        0.162315929894327421148770771932518472         500.000000000000000000000000000000000        0.997269680000000000000000000000000041         4.50000000000000000000000000000000000         1.48136157766598815782419459047877526         1.16046966272933145935805292052441004         32.9486138580455095704532620054043249         2427.36464708013743208195311471395659      
  0.101163797976622046355106172347094973         0.00000000000000000000000000000000000        0.500000000000000000000000000000000000        0.337684070105672578851229228067481528        0.162315929894327421148770771932518472         500.000000000000000000000000000000000        0.997269680000000000000000000000000041         4.50000000000000000000000000000000000         1.44110434838980409131517830652667767         1.14761887206296950066567502787819673         34.1721435194833530395709461072599678         2457.22826453181474702806305697651474      
  0.105956017927763003456833559312410793         0.00000000000000000000000000000000000        0.500000000000000000000000000000000000        0.337684070105672578851229228067481528        0.162315929894327421148770771932518472         500.000000000000000000000000000000000        0.997269680000000000000000000000000041         4.50000000000000000000000000000000000         1.40646049656988606506031553414078656         1.13666867583185236410175433882806753         35.4432641158549576171371052405078522         2487.69137789838870995276014477875017      
  0.110975249641208698343586493910800654         0.00000000000000000000000000000000000        0.500000000000000000000000000000000000        0.337684070105672578851229228067481528        0.162315929894327421148770771932518472         500.000000000000000000000000000000000        0.997269680000000000000000000000000041         4.50000000000000000000000000000000000         1.37631139480614808474098749890612241         1.12761217993801136622441970487810770         36.8033739923024611409281050999299198         2519.92615812196820947353018319992043      
  0.116232246867986863621532357708454707         0.00000000000000000000000000000000000        0.500000000000000000000000000000000000        0.337684070105672578851229228067481528        0.162315929894327421148770771932518472         500.000000000000000000000000000000000        0.997269680000000000000000000000000041         4.50000000000000000000000000000000000         1.35014033332082810792905861270653459         1.11941725684227786616433662414757789         38.2281399820483681968372808764369447         2553.07881875912087829090458406305361      
  0.121738272773967847946541636711935559         0.00000000000000000000000000000000000        0.500000000000000000000000000000000000        0.337684070105672578851229228067481528        0.162315929894327421148770771932518472         500.000000000000000000000000000000000        0.997269680000000000000000000000000041         4.50000000000000000000000000000000000         1.32735736844898465864440272918573073         1.11419944966683761557624441363097096         39.7182548147587516466295225421971935         2587.11007016701125526192344454727182      
  0.127505124071303144618257819009567858         0.00000000000000000000000000000000000        0.500000000000000000000000000000000000        0.337684070105672578851229228067481528        0.162315929894327421148770771932518472         500.000000000000000000000000000000000        0.997269680000000000000000000000000041         4.50000000000000000000000000000000000         1.30748792072079152082195832728655393         1.10753438892411234464753825158594098         41.2841267551999969696006352824705912         2622.21635792695119402614386085960220      
  0.133545156292991832326932402316673282         0.00000000000000000000000000000000000        0.500000000000000000000000000000000000        0.337684070105672578851229228067481528        0.162315929894327421148770771932518472         500.000000000000000000000000000000000        0.997269680000000000000000000000000041         4.50000000000000000000000000000000000         1.29029055902387840116807684001714544         1.10370741510945524878506438545384425         42.9037336115067958433420426579253902         2657.72125080276166435219562319813923      
  0.139871310264725923734212542400487802         0.00000000000000000000000000000000000        0.500000000000000000000000000000000000        0.337684070105672578851229228067481528        0.162315929894327421148770771932518472         500.000000000000000000000000000000000        0.997269680000000000000000000000000041         4.50000000000000000000000000000000000         1.27536811569103868815283525591786352         1.09956821902172428721695556253831080         44.5936952856574900733599057724643002         2694.00040839256459845290374008197359      
  0.146497139830730798859885014704254904         0.00000000000000000000000000000000000        0.500000000000000000000000000000000000        0.337684070105672578851229228067481528        0.162315929894327421148770771932518472         500.000000000000000000000000000000000        0.997269680000000000000000000000000041         4.50000000000000000000000000000000000         1.26242623733375940791068040745132263         1.11030921616389368615873378689792245         46.3610259349982680116959905035066011         2731.17548768818972461074195932465976      
  0.153436840893003596478571043987610540         0.00000000000000000000000000000000000        0.500000000000000000000000000000000000        0.337684070105672578851229228067481528        0.162315929894327421148770771932518472         500.000000000000000000000000000000000        0.997269680000000000000000000000000041         4.50000000000000000000000000000000000         1.25118953643342618861963482710344928         1.09708241426051676301028979941750814         48.2366376266721466457508281261056971         2769.88854141403922290576701127271758      
  0.160705281826166404175411117660175785         0.00000000000000000000000000000000000        0.500000000000000000000000000000000000        0.337684070105672578851229228067481528        0.162315929894327421148770771932518472         500.000000000000000000000000000000000        0.997269680000000000000000000000000041         4.50000000000000000000000000000000000         1.24144915015093989662937211293767312         1.09548170342180949933037075676351658         50.2296615986230680833215741364766266         2810.22909118945334861321103628925927      
  0.168318035333098355319523878900328206         0.00000000000000000000000000000000000        0.500000000000000000000000000000000000        0.337684070105672578851229228067481528        0.162315929894327421148770771932518472         500.000000000000000000000000000000000        0.997269680000000000000000000000000041         4.50000000000000000000000000000000000         1.23316930200847803599252345658485528         1.09553510249975382088858035898777567         52.3157235621206930566097916801345034         2851.47575518471936827675759540718267      
  0.176291411809597623536968597048402244         0.00000000000000000000000000000000000        0.500000000000000000000000000000000000        0.337684070105672578851229228067481528        0.162315929894327421148770771932518472         500.000000000000000000000000000000000        0.997269680000000000000000000000000041         4.50000000000000000000000000000000000         1.22613184357007718654851833649636978         1.09587180316599055942786939859033191         54.5016861266332156777869697030153397         2893.70289172138807198285654241621986      
  0.184642494289557415975419190134436407         0.00000000000000000000000000000000000        0.500000000000000000000000000000000000        0.337684070105672578851229228067481528        0.162315929894327421148770771932518472         500.000000000000000000000000000000000        0.997269680000000000000000000000000041         4.50000000000000000000000000000000000         1.22034422065221328434529684520704235         1.09653567340830988994296924947435224         56.7656995684579769167830701179394479         2936.32070422047982336535620320029826      
  0.193389175045526332720793931968250954         0.00000000000000000000000000000000000        0.500000000000000000000000000000000000        0.337684070105672578851229228067481528        0.162315929894327421148770771932518472         500.000000000000000000000000000000000        0.997269680000000000000000000000000041         4.50000000000000000000000000000000000         1.21574479883712064599779846255987666         1.09736918523593968515640749795411432         59.1003749558462496538079296594422173         2979.14624347418112219584483342059748      
  0.202550193923070136258493621901443151         0.00000000000000000000000000000000000        0.500000000000000000000000000000000000        0.337684070105672578851229228067481528        0.162315929894327421148770771932518472         500.000000000000000000000000000000000        0.997269680000000000000000000000000041         4.50000000000000000000000000000000000         1.21209042987834970632934927246217051         1.10028207954480888267840906066140227         61.5491882717272972397746412116343879         3023.00020380303703103063705016009698      
  0.212145178491066660656421546258877797         0.00000000000000000000000000000000000        0.500000000000000000000000000000000000        0.337684070105672578851229228067481528        0.162315929894327421148770771932518472         500.000000000000000000000000000000000        0.997269680000000000000000000000000041         4.50000000000000000000000000000000000         1.20942210287420882516534891050689087         1.10261126442693702303058364139616589         64.0797150247964379474282201060382794         3067.16786353761712542861055665121143      
  0.222194686093956243932729053068759355         0.00000000000000000000000000000000000        0.500000000000000000000000000000000000        0.337684070105672578851229228067481528        0.162315929894327421148770771932518472         500.000000000000000000000000000000000        0.997269680000000000000000000000000041         4.50000000000000000000000000000000000         1.20764897575279784341550402646573267         1.10867071487058232467496494681080675         66.7098312088481608249015274706613310         3111.92888988412642618518918262226446      
  0.232720247896045024620482335420595173         0.00000000000000000000000000000000000        0.500000000000000000000000000000000000        0.337684070105672578851229228067481528        0.162315929894327421148770771932518472         500.000000000000000000000000000000000        0.997269680000000000000000000000000041         4.50000000000000000000000000000000000         1.20671519736235496742594293746734168         1.10948625821626549254367845788793040         69.4414113319839481209095675387774451         3157.25463828146243709682686134910337      
  0.243744415012226435488952487885240485         0.00000000000000000000000000000000000        0.500000000000000000000000000000000000        0.337684070105672578851229228067481528        0.162315929894327421148770771932518472         500.000000000000000000000000000000000        0.997269680000000000000000000000000041         4.50000000000000000000000000000000000         1.20651365562724403550860709228235384         1.11383588097550631117057256259147441         72.2933916632139769613982740697097177         3203.42376119739539569534428903664332      
  0.255290806823956397939774451911334331         0.00000000000000000000000000000000000        0.500000000000000000000000000000000000        0.337684070105672578851229228067481528        0.162315929894327421148770771932518472         500.000000000000000000000000000000000        0.997269680000000000000000000000000041         4.50000000000000000000000000000000000         1.20704916894049673525728744791556773         1.11968695898041586213184559983736858         75.2529881103362693769923935653807722         3250.12749585756608529839793294980336      
  0.267384161583999647148154120888094587         0.00000000000000000000000000000000000        0.500000000000000000000000000000000000        0.337684070105672578851229228067481528        0.162315929894327421148770771932518472         500.000000000000000000000000000000000        0.997269680000000000000000000000000041         4.50000000000000000000000000000000000         1.20823141519190461822329803867086750         1.12357927330280877419369909508014097         78.3398011950510769232242715676325721         3297.63150592113098247594765463454385      
  0.280050389418368331636181818145177102         0.00000000000000000000000000000000000        0.500000000000000000000000000000000000        0.337684070105672578851229228067481528        0.162315929894327421148770771932518472         500.000000000000000000000000000000000        0.997269680000000000000000000000000041         4.50000000000000000000000000000000000         1.21008408367772610068699170924793547         1.12888904207849474937318455326979251         81.5452331939427157427336525670208556         3345.70534347090878318471432943964477      
  0.293316627839010037899556840640473318         0.00000000000000000000000000000000000        0.500000000000000000000000000000000000        0.337684070105672578851229228067481528        0.162315929894327421148770771932518472         500.000000000000000000000000000000000        0.997269680000000000000000000000000041         4.50000000000000000000000000000000000         1.21249790428624407392520902328940666         1.13701604513079983379650241572153444         84.8875040576881942057920062244860465         3394.58646479913901154403418148601117      
  0.307211299886181694903675457144820827         0.00000000000000000000000000000000000        0.500000000000000000000000000000000000        0.337684070105672578851229228067481528        0.162315929894327421148770771932518472         500.000000000000000000000000000000000        0.997269680000000000000000000000000041         4.50000000000000000000000000000000000         1.21552579703204884580598703734135377         1.13986420291829892476261345447654310         88.3637210486696946729803324849153700         3444.12296777851193035396036505250979      
  0.321764175025079939929779942085648449         0.00000000000000000000000000000000000        0.500000000000000000000000000000000000        0.337684070105672578851229228067481528        0.162315929894327421148770771932518472         500.000000000000000000000000000000000        0.997269680000000000000000000000000041         4.50000000000000000000000000000000000         1.21908845535712700361947714715973350         1.14645631879897424791266076502066529         91.9827991654372082522397471008161424         3494.39607982135962905953190122704218      
  0.337006432927199547555937678304493054         0.00000000000000000000000000000000000        0.500000000000000000000000000000000000        0.337684070105672578851229228067481528        0.162315929894327421148770771932518472         500.000000000000000000000000000000000        0.997269680000000000000000000000000041         4.50000000000000000000000000000000000         1.22316604889676491896330342034092631         1.15398515166116439901335029553378010         95.7565562956766754974061462559464547         3545.48320806678723077551837446632764      
  0.352970730273072080492371624264509206         0.00000000000000000000000000000000000        0.500000000000000000000000000000000000        0.337684070105672578851229228067481528        0.162315929894327421148770771932518472         500.000000000000000000000000000000000        0.997269680000000000000000000000000041         4.50000000000000000000000000000000000         1.22772236017920439036718760032193936         1.16315485023199309343373514500101069         99.6897359730931966771914883404490651         3597.37061194700884776094002091629273      
  0.369691270719510256457304422777255813         0.00000000000000000000000000000000000        0.500000000000000000000000000000000000        0.337684070105672578851229228067481528        0.162315929894327421148770771932518472         500.000000000000000000000000000000000        0.997269680000000000000000000000000041         4.50000000000000000000000000000000000         1.23286060351109184226369551982770862         1.16866019288804193126675855495147441         103.439884935233716736468828973632809         3647.13139570603330514992200131584184      
  0.387203878181263508459966947142191053         0.00000000000000000000000000000000000        0.500000000000000000000000000000000000        0.337684070105672578851229228067481528        0.162315929894327421148770771932518472         500.000000000000000000000000000000000        0.997269680000000000000000000000000041         4.50000000000000000000000000000000000         1.23845764517386805758524543724041609         1.17648368557268168993769300036413479         107.370429781658118997799752267282025         3698.16306752427522429472863292769964      
  0.405546073584091372929320306957881816         0.00000000000000000000000000000000000        0.500000000000000000000000000000000000        0.337684070105672578851229228067481528        0.162315929894327421148770771932518472         500.000000000000000000000000000000000        0.997269680000000000000000000000000041         4.50000000000000000000000000000000000         1.24441990175237104153745788326258995         1.18457758033858813549333774920381126         111.511596791315885053846884105981160         3750.67583369687384155320732942354205      
  0.424757155253698885385985478437553801         0.00000000000000000000000000000000000        0.500000000000000000000000000000000000        0.337684070105672578851229228067481528        0.162315929894327421148770771932518472         500.000000000000000000000000000000000        0.997269680000000000000000000000000041         4.50000000000000000000000000000000000         1.25089749152709764520641146442467888         1.19342669900183223557140884010137307         115.849392447372255853132173010680593         3804.38943114173029001790611722433124      
  0.444878283112768031811350146623921564         0.00000000000000000000000000000000000        0.500000000000000000000000000000000000        0.337684070105672578851229228067481528        0.162315929894327421148770771932518472         500.000000000000000000000000000000000        0.997269680000000000000000000000000041         4.50000000000000000000000000000000000         1.25789926477289173255130587873407430         1.20256370813518107524469585498282913         120.378683948118377949842357005222325         3859.17932785042856402189836441911433      
  0.465952566866478185388067003418371743         0.00000000000000000000000000000000000        0.500000000000000000000000000000000000        0.337684070105672578851229228067481528        0.162315929894327421148770771932518472         500.000000000000000000000000000000000        0.997269680000000000000000000000000041         4.50000000000000000000000000000000000         1.26531325262629773448759735320616939         1.21172492788446291138955677982547335         125.129037980161282392293244116648689         3915.32627211536182666494228220263286      
  0.488025158365453833350361152141345848         0.00000000000000000000000000000000000        0.500000000000000000000000000000000000        0.337684070105672578851229228067481528        0.162315929894327421148770771932518472         500.000000000000000000000000000000000        0.997269680000000000000000000000000041         4.50000000000000000000000000000000000         1.27312143591369069900557728874770772         1.22150397912056823219023556197878600         130.107580686233591540376901474785245         3972.82658214819235366123650214040771      
  0.511143348344028075836959282509472174         0.00000000000000000000000000000000000        0.500000000000000000000000000000000000        0.337684070105672578851229228067481528        0.162315929894327421148770771932518472         500.000000000000000000000000000000000        0.997269680000000000000000000000000041         4.50000000000000000000000000000000000         1.28130885062814187395894535880645130         1.23051078984565540921651886159159348         135.324715609914372131831224100716791         4031.70792971652740589960570430074110      
  0.535356667741084533722548138030577650         0.00000000000000000000000000000000000        0.500000000000000000000000000000000000        0.337684070105672578851229228067481528        0.162315929894327421148770771932518472         500.000000000000000000000000000000000        0.997269680000000000000000000000000041         4.50000000000000000000000000000000000         1.29001494565256245574202785327868233         1.24134882829704350715205238767667894         140.768634151238721596981992128406964         4091.74690378327231045396120075617018      
  0.560716993820558519630662000117957924         0.00000000000000000000000000000000000        0.500000000000000000000000000000000000        0.337684070105672578851229228067481528        0.162315929894327421148770771932518472         500.000000000000000000000000000000000        0.997269680000000000000000000000000041         4.50000000000000000000000000000000000         1.29916242680216329530899244033962258         1.25163872443779911112799052284943349         146.459259809538503211975939700913034         4153.08239628417886820268606769662658      
  0.587278661318961641324294675315294360         0.00000000000000000000000000000000000        0.500000000000000000000000000000000000        0.337684070105672578851229228067481528        0.162315929894327421148770771932518472         500.000000000000000000000000000000000        0.997269680000000000000000000000000041         4.50000000000000000000000000000000000         1.30873346625872058019779869373658950         1.26336139082593375179550997944104715         152.411019521320070684139811440066305         4215.77912156456501987965847357915221      
  0.615098578858064451529164264953569834         0.00000000000000000000000000000000000        0.500000000000000000000000000000000000        0.337684070105672578851229228067481528        0.162315929894327421148770771932518472         500.000000000000000000000000000000000        0.997269680000000000000000000000000041         4.50000000000000000000000000000000000         1.31863525965548210882042191723083612         1.27565034305118071069686826968956503         158.649815517687429509600371525867092         4280.01000364907470776228983615841359      
  0.644236350872152408747567964251532425         0.00000000000000000000000000000000000        0.500000000000000000000000000000000000        0.337684070105672578851229228067481528        0.162315929894327421148770771932518472         500.000000000000000000000000000000000        0.997269680000000000000000000000000041         4.50000000000000000000000000000000000         1.32885019066894724195534364481417875         1.28637127480262849537304238720377069         165.185099073349064764781959823580034         4345.76354638981702160245725947741178      
  0.674754405311085438667667359428963781         0.00000000000000000000000000000000000        0.500000000000000000000000000000000000        0.337684070105672578851229228067481528        0.162315929894327421148770771932518472         500.000000000000000000000000000000000        0.997269680000000000000000000000000041         4.50000000000000000000000000000000000         1.33937107271596349119659271028407762         1.29819267078199809207461311071004051         172.045959933494482319798097956984805         4413.21862829965949871700143394935222      
  0.706718127392766099165833109055340844         0.00000000000000000000000000000000000        0.500000000000000000000000000000000000        0.337684070105672578851229228067481528        0.162315929894327421148770771932518472         500.000000000000000000000000000000000        0.997269680000000000000000000000000041         4.50000000000000000000000000000000000         1.35019137925296534437549873019468242         1.31021873249827994629358919139057031         179.238440346126253676514301227231725         4482.31457810689557119508407459665618      
  0.740195999691582266577873530475029904         0.00000000000000000000000000000000000        0.500000000000000000000000000000000000        0.337684070105672578851229228067481528        0.162315929894327421148770771932518472         500.000000000000000000000000000000000        0.997269680000000000000000000000000041         4.50000000000000000000000000000000000         1.36130495217420785364140497944268648         1.32249776063803682685664371002439415         186.773860842922241137868229494405053         4553.04042834655415007866226291028562      
  0.775259748862965145759849187317876307         0.00000000000000000000000000000000000        0.500000000000000000000000000000000000        0.337684070105672578851229228067481528        0.162315929894327421148770771932518472         500.000000000000000000000000000000000        0.997269680000000000000000000000000041         4.50000000000000000000000000000000000         1.37270598004324561291745002602916177         1.33502600088812434613336806056239633         194.683862995451124411933200032707895         4625.57241211786977074907151594353610      
  0.811984499318421345788851126412103227         0.00000000000000000000000000000000000        0.500000000000000000000000000000000000        0.337684070105672578851229228067481528        0.162315929894327421148770771932518472         500.000000000000000000000000000000000        0.997269680000000000000000000000000041         4.50000000000000000000000000000000000         1.38438888495743767223104782260605982         1.34780229814128385131310510123535830         202.979016216238590066882448377407350         4699.87604889588701860254483518292513      
  0.850448934180289219036975673402549010         0.00000000000000000000000000000000000        0.500000000000000000000000000000000000        0.337684070105672578851229228067481528        0.162315929894327421148770771932518472         500.000000000000000000000000000000000        0.997269680000000000000000000000000041         4.50000000000000000000000000000000000         1.39629485435688201631553833546106386         1.36076525703511688359472231576632894         211.778921151070306311242756919552383         4775.21784530328575741169320831323143      
  0.890735463861066538871678342365989236         0.00000000000000000000000000000000000        0.500000000000000000000000000000000000        0.337684070105672578851229228067481528        0.162315929894327421148770771932518472         500.000000000000000000000000000000000        0.997269680000000000000000000000000041         4.50000000000000000000000000000000000         1.40846166756750493474919624201182279         1.37396459124692777060841615121944360         221.022264930897972142482412295466751         4851.95799130034048681986501672974191      
  0.932930402628492306849122631846463221         0.00000000000000000000000000000000000        0.500000000000000000000000000000000000        0.337684070105672578851229228067481528        0.162315929894327421148770771932518472         500.000000000000000000000000000000000        0.997269680000000000000000000000000041         4.50000000000000000000000000000000000         1.42089566497800014012321190134587959         1.38738827948815405040664601434813451         230.713335887510300451858626123300548         4930.30114795078575548195704874377906      
  0.977124153534675033397991232687960264         0.00000000000000000000000000000000000        0.500000000000000000000000000000000000        0.337684070105672578851229228067481528        0.162315929894327421148770771932518472         500.000000000000000000000000000000000        0.997269680000000000000000000000000041         4.50000000000000000000000000000000000         1.43359240045178862550307918219866024         1.40128486324066230820668513951961933         240.871945102255888411783289867503774         5010.24865310499716773111755413402378      
   1.02341140210547988401757228923722065         0.00000000000000000000000000000000000        0.500000000000000000000000000000000000        0.337684070105672578851229228067481528        0.162315929894327421148770771932518472         500.000000000000000000000000000000000        0.997269680000000000000000000000000041         4.50000000000000000000000000000000000         1.44654905305535171770817705687899135         1.41497621874573421150364949233679760         251.532727015215932348680826269291053         5091.92115532341858940821352522925663      
   1.07189131920515601980676290596541418         0.00000000000000000000000000000000000        0.500000000000000000000000000000000000        0.337684070105672578851229228067481528        0.162315929894327421148770771932518472         500.000000000000000000000000000000000        0.997269680000000000000000000000000041         4.50000000000000000000000000000000000         1.45976329344185643024640208225758009         1.42901259745606870080494575442262609         262.704219960054262085504150721532892         5175.20950143185403741557765733951561      
   1.12266777351084349932308213365971722         0.00000000000000000000000000000000000        0.500000000000000000000000000000000000        0.337684070105672578851229228067481528        0.162315929894327421148770771932518472         500.000000000000000000000000000000000        0.997269680000000000000000000000000041         4.50000000000000000000000000000000000         1.47322986113839510030375704890970473         1.44339313079319707477992280585751850         274.439217618986822669401913079115559         5260.35002007961924219607072475765957      
   1.17584955405218836587405952039268318         0.00000000000000000000000000000000000        0.500000000000000000000000000000000000        0.337684070105672578851229228067481528        0.162315929894327421148770771932518472         500.000000000000000000000000000000000        0.997269680000000000000000000000000041         4.50000000000000000000000000000000000         1.48695234488687173283468473344297550         1.45792635387705421090964527659067230         286.743351966948197463048472141825499         5347.19129187897383624565393231699540      
   1.23155060329285913304393922610526752         0.00000000000000000000000000000000000        0.500000000000000000000000000000000000        0.337684070105672578851229228067481528        0.162315929894327421148770771932518472         500.000000000000000000000000000000000        0.997269680000000000000000000000000041         4.50000000000000000000000000000000000         1.50089137956759874517879114488946633         1.47264641613146922932620391548921661         299.788697782779999937923255776262032         5436.67825731399236922710204651941627      
   1.28989026125334400389008600428654072         0.00000000000000000000000000000000000        0.500000000000000000000000000000000000        0.337684070105672578851229228067481528        0.162315929894327421148770771932518472         500.000000000000000000000000000000000        0.997269680000000000000000000000000041         4.50000000000000000000000000000000000         1.51499350821217053413376885647182974         1.48752626911833782365058063556965348         313.703621415682549783978970406906646         5529.29491142109868860123038511789365      
   1.35099352119806420678539952158028216         0.00000000000000000000000000000000000        0.500000000000000000000000000000000000        0.337684070105672578851229228067481528        0.162315929894327421148770771932518472         500.000000000000000000000000000000000        0.997269680000000000000000000000000041         4.50000000000000000000000000000000000         1.52927085068216373355670596101373670         1.50256066430623178283905358382887417         331.506147553179063995181115201036478         5653.88798125564870621683583431673922      
   1.41499129743461548663919584700832116         0.00000000000000000000000000000000000        0.500000000000000000000000000000000000        0.337684070105672578851229228067481528        0.162315929894327421148770771932518472         500.000000000000000000000000000000000        0.997269680000000000000000000000000041         4.50000000000000000000000000000000000         1.54371709045085143248636598844726881         1.51773594875365054398201906498200025         350.116521103368683031137323859958427         5779.25129356988645562196950679751884      
   1.48202070579890013841676841137265918         0.00000000000000000000000000000000000        0.500000000000000000000000000000000000        0.337684070105672578851229228067481528        0.162315929894327421148770771932518472         500.000000000000000000000000000000000        0.997269680000000000000000000000000041         4.50000000000000000000000000000000000         1.55836992191485759120034041415411185         1.53310619910491404745428471024395789         369.363353393426557015141347259588062         5902.99178129532518488617430107634328      
   1.55222535742709160936160846888458776         0.00000000000000000000000000000000000        0.500000000000000000000000000000000000        0.337684070105672578851229228067481528        0.162315929894327421148770771932518472         500.000000000000000000000000000000000        0.997269680000000000000000000000000041         4.50000000000000000000000000000000000         1.57324423937561355924590940515306238         1.54867041987561216125646581488123687         389.164700877002966966566149216438186         6024.80483855545903022466391805131822      
   1.62575566644384085973659301860212051         0.00000000000000000000000000000000000        0.500000000000000000000000000000000000        0.337684070105672578851229228067481528        0.162315929894327421148770771932518472         500.000000000000000000000000000000000        0.997269680000000000000000000000000041         4.50000000000000000000000000000000000         1.58833899187858427207757487418902700         1.56443838642769718309682516925323319         409.598887307976546425805787715066813         6144.95899128128742823598141531672952      
   1.70276917222594935040597643772334275         0.00000000000000000000000000000000000        0.500000000000000000000000000000000000        0.337684070105672578851229228067481528        0.162315929894327421148770771932518472         500.000000000000000000000000000000000        0.997269680000000000000000000000000041         4.50000000000000000000000000000000000         1.60370483076046079271925198397078013         1.58045720919860183125369288257180394         430.555639488928920983767831725965033         6271.14796161282908068784400524606693      
   1.78343087693196159954962751479630605         0.00000000000000000000000000000000000        0.500000000000000000000000000000000000        0.337684070105672578851229228067481528        0.162315929894327421148770771932518472         500.000000000000000000000000000000000        0.997269680000000000000000000000000041         4.50000000000000000000000000000000000         1.61945754877008957330602382563517770         1.59683816749249113708448155522928742         451.227240393221602105152718622828095         6420.67481189810777365937934370562699      
   1.86791359902083762667604333648365787         0.00000000000000000000000000000000000        0.500000000000000000000000000000000000        0.337684070105672578851229228067481528        0.162315929894327421148770771932518472         500.000000000000000000000000000000000        0.997269680000000000000000000000000041         4.50000000000000000000000000000000000         1.63526412473719415314056053744145778         1.61325719954365703445452820542015308         473.075134104032827998929549682124255         6574.17489382849757946477191829078531      
   1.95639834351712235574086149449056598         0.00000000000000000000000000000000000        0.500000000000000000000000000000000000        0.337684070105672578851229228067481528        0.162315929894327421148770771932518472         500.000000000000000000000000000000000        0.997269680000000000000000000000000041         4.50000000000000000000000000000000000         1.65040753000068986565640670523255431         1.62901959345793656391622493281365242         496.523554490028397823876888309143572         6734.18019176818351341499943578839713      
   2.04907468981590857599889354382844297         0.00000000000000000000000000000000000        0.500000000000000000000000000000000000        0.337684070105672578851229228067481528        0.162315929894327421148770771932518472         500.000000000000000000000000000000000        0.997269680000000000000000000000000041         4.50000000000000000000000000000000000         1.66567979355620737483817349593914502         1.64526636582109034321938768283659774         521.262876275813696522596479367966559         6897.58264056947627052993803983036124      
   2.14614119785846923144288932206752821         0.00000000000000000000000000000000000        0.500000000000000000000000000000000000        0.337684070105672578851229228067481528        0.162315929894327421148770771932518472         500.000000000000000000000000000000000        0.997269680000000000000000000000000041         4.50000000000000000000000000000000000         1.68113395636080120482975818690978188         1.66092999064918963428711524162480392         547.316369696711698370750378132768057         7063.96229966624771492114630097850190      
   2.24780583354879414104030832593962274         0.00000000000000000000000000000000000        0.500000000000000000000000000000000000        0.337684070105672578851229228067481528        0.162315929894327421148770771932518472         500.000000000000000000000000000000000        0.997269680000000000000000000000000041         4.50000000000000000000000000000000000         1.69678122195757990933990131664409729         1.67714404212834762974731803743458117         574.738233298225116615090213886764698         7233.09646649268373404393979900534494      
   2.35428641432249007020695607335824657         0.00000000000000000000000000000000000        0.500000000000000000000000000000000000        0.337684070105672578851229228067481528        0.162315929894327421148770771932518472         500.000000000000000000000000000000000        0.997269680000000000000000000000000041         4.50000000000000000000000000000000000         1.71262958402855651897713955955966266         1.69353006039744970465559841918248932         603.594910270982056396435542472789155         7404.83096193664783583164894557591894      
   2.46581107582267970147068279155487439         0.00000000000000000000000000000000000        0.500000000000000000000000000000000000        0.337684070105672578851229228067481528        0.162315929894327421148770771932518472         500.000000000000000000000000000000000        0.997269680000000000000000000000000041         4.50000000000000000000000000000000000         1.72869022833104900587575305909989052         1.71007487670403379334804933866599917         633.969214269980926689338738040576793         7579.07177512575290709422096514260914      
   2.58261876068275699540889612963339913         0.00000000000000000000000000000000000        0.500000000000000000000000000000000000        0.337684070105672578851229228067481528        0.162315929894327421148770771932518472         500.000000000000000000000000000000000        0.997269680000000000000000000000000041         4.50000000000000000000000000000000000         1.74496958686538575750442122452640065         1.72684522767077982884370094824706107         665.903496331517239728413164455952445         7755.50709203944485761734694934872725      
   2.70495973046322058012775948376762777         0.00000000000000000000000000000000000        0.500000000000000000000000000000000000        0.337684070105672578851229228067481528        0.162315929894327421148770771932518472         500.000000000000000000000000000000000        0.997269680000000000000000000000000041         4.50000000000000000000000000000000000         1.76147457616718782958037696129341248         1.74393590843714733712132925540416569         699.511424560503924099600373267883068         7934.15939515219857633768160140106487      
   2.83309610183941463691826271807341983         0.00000000000000000000000000000000000        0.500000000000000000000000000000000000        0.337684070105672578851229228067481528        0.162315929894327421148770771932518472         500.000000000000000000000000000000000        0.997269680000000000000000000000000041         4.50000000000000000000000000000000000         1.77821182169388680023970144275439073         1.76114766861660270397855645676944088         734.887230033491829990919381620368330         8114.91913076351371905960424596904012      
   2.96730240818896454651461614421851563         0.00000000000000000000000000000000000        0.500000000000000000000000000000000000        0.337684070105672578851229228067481528        0.162315929894327421148770771932518472         500.000000000000000000000000000000000        0.997269680000000000000000000000000041         4.50000000000000000000000000000000000         1.79523273451667022106081092567613825         1.77862522858631285320318248619972868         771.914661504496603040716667209028820         8284.46949800507625702182137185370216      
   3.10786618778211364466063213094136699         0.00000000000000000000000000000000000        0.500000000000000000000000000000000000        0.337684070105672578851229228067481528        0.162315929894327421148770771932518472         500.000000000000000000000000000000000        0.997269680000000000000000000000000041         4.50000000000000000000000000000000000         1.81257710407041962501521834238911457         1.79641440411106916728025811670484962         810.656007637003640102935538410641288         8395.63306001268295217830787675953781      
   3.25508859983516440085845691551799553         0.00000000000000000000000000000000000        0.500000000000000000000000000000000000        0.337684070105672578851229228067481528        0.162315929894327421148770771932518472         500.000000000000000000000000000000000        0.997269680000000000000000000000000041         4.50000000000000000000000000000000000         1.83016578927936831028581111940205616         1.81444497092534777059702387713628657         851.508163045584823882271686186736236         8508.30272206750751778193842605453609      
   3.40928506974692429676371810701270237         0.00000000000000000000000000000000000        0.500000000000000000000000000000000000        0.337684070105672578851229228067481528        0.162315929894327421148770771932518472         500.000000000000000000000000000000000        0.997269680000000000000000000000000041         4.50000000000000000000000000000000000         1.84794882925365867175368066639875707         1.83264848526777591606034101600746542         894.787465144749159329073508184999150         8622.67022153314648411958048108776366      
   3.57078596490058154200418219794212579         0.00000000000000000000000000000000000        0.500000000000000000000000000000000000        0.337684070105672578851229228067481528        0.162315929894327421148770771932518472         500.000000000000000000000000000000000        0.997269680000000000000000000000000041         4.50000000000000000000000000000000000         1.86594890530165621834032946001378593         1.85105940347110479987384625672858637         940.551053419908734354951179437695545         8738.67281382996792906090451332897953      
   3.73993730247892248533723346676967991         0.00000000000000000000000000000000000        0.500000000000000000000000000000000000        0.337684070105672578851229228067481528        0.162315929894327421148770771932518472         500.000000000000000000000000000000000        0.997269680000000000000000000000000041         4.50000000000000000000000000000000000         1.88419174271635571632201746753662698         1.86970264478286698467637244162020356         988.766831698474136921326086284649226         8855.99419878132447469488826494705971      
   3.91710149080939146393706924636129076         0.00000000000000000000000000000000000        0.500000000000000000000000000000000000        0.337684070105672578851229228067481528        0.162315929894327421148770771932518472         500.000000000000000000000000000000000        0.997269680000000000000000000000000041         4.50000000000000000000000000000000000         1.90283510986699446163556897286645201         1.88873428662834866114171510000569677         1039.42486154111753844268741646011126         8974.41580411382978648689761458395845      
   4.10265810582733183554468384630866708         0.00000000000000000000000000000000000        0.500000000000000000000000000000000000        0.337684070105672578851229228067481528        0.162315929894327421148770771932518472         500.000000000000000000000000000000000        0.997269680000000000000000000000000041         4.50000000000000000000000000000000000         1.92196409459882943383612362432556561         1.90823675333168239359394351697850795         1092.56961509232702013668894203282704         9093.78058654252649741718899409268029      
   4.29700470432098797081550436783669861         0.00000000000000000000000000000000000        0.500000000000000000000000000000000000        0.337684070105672578851229228067481528        0.162315929894327421148770771932518472         500.000000000000000000000000000000000        0.997269680000000000000000000000000041         4.50000000000000000000000000000000000         1.94144956063321835116782523385398710         1.92808245897130808907485034556677013         1148.51276930396404470320803784249323         9214.39832939818793674315614630200794      
   4.50055767570065325107907567564988206         0.00000000000000000000000000000000000        0.500000000000000000000000000000000000        0.337684070105672578851229228067481528        0.162315929894327421148770771932518472         500.000000000000000000000000000000000        0.997269680000000000000000000000000041         4.50000000000000000000000000000000000         1.96120834065900804147208734058049741         1.94819182489752469572377559556942988         1207.55441328555137963250249705283021         9336.53373747801677957494572797714991      
   4.71375313411688746090811432995346639         0.00000000000000000000000000000000000        0.500000000000000000000000000000000000        0.337684070105672578851229228067481528        0.162315929894327421148770771932518472         500.000000000000000000000000000000000        0.997269680000000000000000000000000041         4.50000000000000000000000000000000000         1.98115962717817141504703375143344771         1.96837049619264856950633829523214367         1269.99998539620648620160124706612775         9460.38778614644364495627223985470156      
   4.93704785283917522455720499133271388         0.00000000000000000000000000000000000        0.500000000000000000000000000000000000        0.337684070105672578851229228067481528        0.162315929894327421148770771932518472         500.000000000000000000000000000000000        0.997269680000000000000000000000000041         4.50000000000000000000000000000000000         2.00129911339379632634352101390678906         1.98884466274346125075978658652767848         1335.97999593000291845638691868404518         9585.76160128986150086992477321934718      
   5.17092024289694052668163232095138689         0.00000000000000000000000000000000000        0.500000000000000000000000000000000000        0.337684070105672578851229228067481528        0.162315929894327421148770771932518472         500.000000000000000000000000000000000        0.997269680000000000000000000000000041         4.50000000000000000000000000000000000         2.02166430361685715723089295096054312         2.00953641886423232888510411618570429         1405.63520217932131411903054921337066         9712.67816280625704639372164267554564      
   5.41587137807966487084961468635563235         0.00000000000000000000000000000000000        0.500000000000000000000000000000000000        0.337684070105672578851229228067481528        0.162315929894327421148770771932518472         500.000000000000000000000000000000000        0.997269680000000000000000000000000041         4.50000000000000000000000000000000000         2.04220287445866819159140810293368085         2.03043510941969064809779094209793155         1479.23117839974455629256670008220830         9841.22752248560490171054095433890560      
   5.67242606849218144376540893055636070         0.00000000000000000000000000000000000        0.500000000000000000000000000000000000        0.337684070105672578851229228067481528        0.162315929894327421148770771932518472         500.000000000000000000000000000000000        0.997269680000000000000000000000000041         4.50000000000000000000000000000000000         2.06287201525872983716909289708322331         2.05150548060629148316814589961691326         1557.10184499986430619157227758846996         9971.53203275203973657812168327654667      
   5.94113398496524757317294119695305884         0.00000000000000000000000000000000000        0.500000000000000000000000000000000000        0.337684070105672578851229228067481528        0.162315929894327421148770771932518472         500.000000000000000000000000000000000        0.997269680000000000000000000000000041         4.50000000000000000000000000000000000         2.08372594841597739130716983499294859         2.07274644332840699978897564166396628         1639.54127856375684408000991698478516         10103.6729491038908803792259930406005      
   6.22257083673045567818932634861224246         0.00000000000000000000000000000000000        0.500000000000000000000000000000000000        0.337684070105672578851229228067481528        0.162315929894327421148770771932518472         500.000000000000000000000000000000000        0.997269680000000000000000000000000041         4.50000000000000000000000000000000000         2.10478883385653320653617170621383370         2.09768305956285732600111623818938868         1726.80400372461662484552317657783084         10237.6148037487586290655928364604513      
   6.51733960488266225567076642791935208         0.00000000000000000000000000000000000        0.500000000000000000000000000000000000        0.337684070105672578851229228067481528        0.162315929894327421148770771932518472         500.000000000000000000000000000000000        0.997269680000000000000000000000000041         4.50000000000000000000000000000000000         2.12602550346434481668312565696318083         2.11914205206968896037122124860633464         1819.24439511543295138414019637172264         10373.5054930288395816323118381178939      
   6.82607183427263972690668329495824292         0.00000000000000000000000000000000000        0.500000000000000000000000000000000000        0.337684070105672578851229228067481528        0.162315929894327421148770771932518472         500.000000000000000000000000000000000        0.997269680000000000000000000000000041         4.50000000000000000000000000000000000         2.14743031447469151344700925270071831         2.14076744900495825895200315321509127         1917.12528847654098532852653648259309         10511.2880145895303743322201426608948      
   7.14942898659784326950660524938800231         0.00000000000000000000000000000000000        0.500000000000000000000000000000000000        0.337684070105672578851229228067481528        0.162315929894327421148770771932518472         500.000000000000000000000000000000000        0.997269680000000000000000000000000041         4.50000000000000000000000000000000000         2.16900513356087632476873173859775539         2.16255578804151791256604713161075129         2020.81604035904579271267144110286924         10651.0411226962713162202211506571966      
   7.48810385759030229475404929283587874         0.00000000000000000000000000000000000        0.500000000000000000000000000000000000        0.337684070105672578851229228067481528        0.162315929894327421148770771932518472         500.000000000000000000000000000000000        0.997269680000000000000000000000000041         4.50000000000000000000000000000000000         2.19076983871445068033678729639546082         2.18501167586147414628621354140898566         2130.71329578775240919144019673083529         10792.8461385774646047286829622634281      
   7.84282206133797492150195102086104320         0.00000000000000000000000000000000000        0.500000000000000000000000000000000000        0.337684070105672578851229228067481528        0.162315929894327421148770771932518472         500.000000000000000000000000000000000        0.997269680000000000000000000000000041         4.50000000000000000000000000000000000         2.21271609362921171361711711228984182         2.20710895934239186912761720575179006         2247.21546344106816047831809671485399         10936.7525266166899530589375654562432      
   8.21434358491973787188331079880935809         0.00000000000000000000000000000000000        0.500000000000000000000000000000000000        0.337684070105672578851229228067481528        0.162315929894327421148770771932518472         500.000000000000000000000000000000000        0.997269680000000000000000000000000041         4.50000000000000000000000000000000000         2.23482471094177234308391228881087959         2.22936456955439396046964847910507908         2370.66583308298314194951811287463272         11082.7221134549790495542501526350249      
   8.60346441668483183756181982790961157         0.00000000000000000000000000000000000        0.500000000000000000000000000000000000        0.337684070105672578851229228067481528        0.162315929894327421148770771932518472         500.000000000000000000000000000000000        0.997269680000000000000000000000000041         4.50000000000000000000000000000000000         2.25709398244029144717343294620562065         2.25177715499702186125390079748836384         2501.60542691805490643665344554282722         11230.9402117892877802378715585303422      
   9.01101825166536630189666009569239489         0.00000000000000000000000000000000000        0.500000000000000000000000000000000000        0.337684070105672578851229228067481528        0.162315929894327421148770771932518472         500.000000000000000000000000000000000        0.997269680000000000000000000000000041         4.50000000000000000000000000000000000         2.27947651910596862680012286222608975         2.27429966650017658342131047851954658         2640.80764339541927896029336851894704         11381.7343719527374827405604867104556      
   9.43787827777574610680776305101093867         0.00000000000000000000000000000000000        0.500000000000000000000000000000000000        0.337684070105672578851229228067481528        0.162315929894327421148770771932518472         500.000000000000000000000000000000000        0.997269680000000000000000000000000041         4.50000000000000000000000000000000000         2.30204795375105856192393852817913304         2.29700750903783267168295317722586397         2788.28671770616710916490433974153407         11534.6341175853821499131437405277546      
   9.88495904662596879076778864032827051         0.00000000000000000000000000000000000        0.500000000000000000000000000000000000        0.337684070105672578851229228067481528        0.162315929894327421148770771932518472         500.000000000000000000000000000000000        0.997269680000000000000000000000000041         4.50000000000000000000000000000000000         2.32485760508759835340332487656906067         2.31994988913981754267183133565074407         2944.64038237602698538789912682748080         11689.8312650823845145791127866712955      
   10.3532184329570277361739405380354267         0.00000000000000000000000000000000000        0.500000000000000000000000000000000000        0.337684070105672578851229228067481528        0.162315929894327421148770771932518472         500.000000000000000000000000000000000        0.997269680000000000000000000000000041         4.50000000000000000000000000000000000         2.34780786763819038866869278261035281         2.34302969889962094305401700931681693         3110.61996692264229277034362486330131         11847.5245853650969340813043677310960      
   10.8436596868965298573473131194133672         0.00000000000000000000000000000000000        0.500000000000000000000000000000000000        0.337684070105672578851229228067481528        0.162315929894327421148770771932518472         500.000000000000000000000000000000000        0.997269680000000000000000000000000041         4.50000000000000000000000000000000000         2.37092719072598850998671998363820031         2.36627536219906045540978166453619629         3286.81725820929012656416459996375482         12007.7621842589045344121500492361429      
   11.3573335834315047407380755747457535         0.00000000000000000000000000000000000        0.500000000000000000000000000000000000        0.337684070105672578851229228067481528        0.162315929894327421148770771932518472         500.000000000000000000000000000000000        0.997269680000000000000000000000000041         4.50000000000000000000000000000000000         2.39420056238669561377281716573605673         2.38967200041133679418156373496396692         3473.91411867707178907512634297056022         12170.6357937468172260839596384622278      
   11.8953406737036708935232311939754483         0.00000000000000000000000000000000000        0.500000000000000000000000000000000000        0.337684070105672578851229228067481528        0.162315929894327421148770771932518472         500.000000000000000000000000000000000        0.997269680000000000000000000000000041         4.50000000000000000000000000000000000         2.41762736342160317728207738080207000         2.41321906044571162904955886951127045         3672.61586597406597855674837743662283         12336.2201348466418872370344759675971      
   12.4588336429505803262590704440291315         0.00000000000000000000000000000000000        0.500000000000000000000000000000000000        0.337684070105672578851229228067481528        0.162315929894327421148770771932518472         500.000000000000000000000000000000000        0.997269680000000000000000000000000041         4.50000000000000000000000000000000000         2.44120982824931910524180620088022086         2.43691885683635012410589137022061193         3883.74086030971535428713606910843073         12504.6511763744528473254276284170570      
   13.0490197801445524899467209692621793         0.00000000000000000000000000000000000        0.500000000000000000000000000000000000        0.337684070105672578851229228067481528        0.162315929894327421148770771932518472         500.000000000000000000000000000000000        0.997269680000000000000000000000000041         4.50000000000000000000000000000000000         2.46494761211770326832128229149357362         2.46077107316126900072780573213514016         4107.85826871756363588043048064229878         12675.8204799359948562101021712717273      
   13.6671635646206221493148154813537214         0.00000000000000000000000000000000000        0.500000000000000000000000000000000000        0.337684070105672578851229228067481528        0.162315929894327421148770771932518472         500.000000000000000000000000000000000        0.997269680000000000000000000000000041         4.50000000000000000000000000000000000         2.48884260223392053310784209156041536         2.48477766545447907740320199943763581         4346.16076847308918035034408208384487         12850.0864559196897024265575865708981      
   14.3145893752353758338684692231306029         0.00000000000000000000000000000000000        0.500000000000000000000000000000000000        0.337684070105672578851229228067481528        0.162315929894327421148770771932518472         500.000000000000000000000000000000000        0.997269680000000000000000000000000041         4.50000000000000000000000000000000000         2.51288494615497486670308777339633123         2.50892887986725838310542878132415873         4599.32780714024799742073387198932501         13027.3543025376178046174610265945965      
   14.9926843278610750864026478869771275         0.00000000000000000000000000000000000        0.500000000000000000000000000000000000        0.337684070105672578851229228067481528        0.162315929894327421148770771932518472         500.000000000000000000000000000000000        0.997269680000000000000000000000000041         4.50000000000000000000000000000000000         2.53686936113480889326472362016648481         2.53302024030294364724848922649010927         4873.04804686112045102722025318536583         13210.8582419818705186530975025057511      
   15.7029012472944242844593367399923914         0.00000000000000000000000000000000000        0.500000000000000000000000000000000000        0.337684070105672578851229228067481528        0.162315929894327421148770771932518472         500.000000000000000000000000000000000        0.997269680000000000000000000000000041         4.50000000000000000000000000000000000         2.56081959141834561732658195608102153         2.55707352908299188687786617382408202         5168.82880118383466483812804211878823         13400.1675314093024360817041834492929      
   16.4467617799473254470491446022305387         0.00000000000000000000000000000000000        0.500000000000000000000000000000000000        0.337684070105672578851229228067481528        0.162315929894327421148770771932518472         500.000000000000000000000000000000000        0.997269680000000000000000000000000041         4.50000000000000000000000000000000000         2.58487916805287717653301541008003112         2.58123707588272397792625967461062773         5481.09396583249837077533707804628353         13592.5466010792165245333873172151651      
   17.2258596539885891666448939958271182         0.00000000000000000000000000000000000        0.500000000000000000000000000000000000        0.337684070105672578851229228067481528        0.162315929894327421148770771932518472         500.000000000000000000000000000000000        0.997269680000000000000000000000000041         4.50000000000000000000000000000000000         2.60980286058559256544215998134516445         2.60627412653722709953881702199047334         5794.89531053799200433104447366960720         13911.6693849741520928688810230428314      
   18.0418640939214858630807661830989717         0.00000000000000000000000000000000000        0.500000000000000000000000000000000000        0.337684070105672578851229228067481528        0.162315929894327421148770771932518472         500.000000000000000000000000000000000        0.997269680000000000000000000000000041         4.50000000000000000000000000000000000         2.63502140579759353550976578073206881         2.63161093280239747365909644014900128         6125.57591594789280262180512317526192         14262.5460160762109271878408284323517      
   18.8965233969129017925278720876753030         0.00000000000000000000000000000000000        0.500000000000000000000000000000000000        0.337684070105672578851229228067481528        0.162315929894327421148770771932518472         500.000000000000000000000000000000000        0.997269680000000000000000000000000041         4.50000000000000000000000000000000000         2.66039608360260209507297920875205745         2.65709951139664249136401145916762022         6478.09806215205366445135050355030728         14626.3427187814186941642237250849610      
   19.7916686785364185751762295282302534         0.00000000000000000000000000000000000        0.500000000000000000000000000000000000        0.337684070105672578851229228067481528        0.162315929894327421148770771932518472         500.000000000000000000000000000000000        0.997269680000000000000000000000000041         4.50000000000000000000000000000000000         2.68593950930236510768832731769419158         2.68275290261838954646796029404563018         6853.48902630985724056031399101913283         15005.8243160736843664674707814440609      
   20.7292177959546059255378205487295255         0.00000000000000000000000000000000000        0.500000000000000000000000000000000000        0.337684070105672578851229228067481528        0.162315929894327421148770771932518472         500.000000000000000000000000000000000        0.997269680000000000000000000000000041         4.50000000000000000000000000000000000         2.71169414478367518755712858640717737         2.70883302770328950702039367074692666         7252.94071712979673863197915964133862         15403.9852049319494855464984271318445      
   21.7111794569459824479971497798839502         0.00000000000000000000000000000000000        0.500000000000000000000000000000000000        0.337684070105672578851229228067481528        0.162315929894327421148770771932518472         500.000000000000000000000000000000000        0.997269680000000000000000000000000041         4.50000000000000000000000000000000000         2.73761131811211574963933810959980652         2.73482737889384433082941182101158349         7678.54291594140294964983195913228071         15820.4170943575219400486428215564107      
   22.7396575235802733048359620889347810         0.00000000000000000000000000000000000        0.500000000000000000000000000000000000        0.337684070105672578851229228067481528        0.162315929894327421148770771932518472         500.000000000000000000000000000000000        0.997269680000000000000000000000000041         4.50000000000000000000000000000000000         2.76366686389821104103637790986276843         2.76095820940097239857700447500345850         8132.31081927238354574482508013042390         16255.5190638429250684180376948726467      
   23.8168555197626293658587845572158158         0.00000000000000000000000000000000000        0.500000000000000000000000000000000000        0.337684070105672578851229228067481528        0.162315929894327421148770771932518472         500.000000000000000000000000000000000        0.997269680000000000000000000000000041         4.50000000000000000000000000000000000         2.78987961038786212609750417931008722         2.78724435120224688733689164785191081         8615.69175616076760915160149777891006         16712.3694931553019754865483398326932      
   24.9450813523042636110632071495682141         0.00000000000000000000000000000000000        0.500000000000000000000000000000000000        0.337684070105672578851229228067481528        0.162315929894327421148770771932518472         500.000000000000000000000000000000000        0.997269680000000000000000000000000041         4.50000000000000000000000000000000000         2.81625087344782196606649207310028823         2.81368715870583098530961571658871519         9130.79409739541872901633029237733047         17194.4181463877435549617246397593362      
   26.1267522556344429096957856567219458         0.00000000000000000000000000000000000        0.500000000000000000000000000000000000        0.337684070105672578851229228067481528        0.162315929894327421148770771932518472         500.000000000000000000000000000000000        0.997269680000000000000000000000000041         4.50000000000000000000000000000000000         2.84275226370735768598718468364638053         2.84025835936839453535112036550726480         9680.13809319395739751955199319684976         17699.4564344279127056471137900948366      
   27.3643999707479270007413801432196356         0.00000000000000000000000000000000000        0.500000000000000000000000000000000000        0.337684070105672578851229228067481528        0.162315929894327421148770771932518472         500.000000000000000000000000000000000        0.997269680000000000000000000000000041         4.50000000000000000000000000000000000         2.86939433669606326537281888217120058         2.86696852026178702153344139527708918         10265.6860278633509072191620723371317         18232.8833879471483506392766388516527      
   28.6606761694837981427111233968978527         0.00000000000000000000000000000000000        0.500000000000000000000000000000000000        0.337684070105672578851229228067481528        0.162315929894327421148770771932518472         500.000000000000000000000000000000000        0.997269680000000000000000000000000041         4.50000000000000000000000000000000000         2.89616860346452482812274708085875996         2.89380919795143295242694834040732789         10890.1694538829595977789695936140301         18794.7597572330634224760684604762375      
   30.0183581357572497063742795553511495         0.00000000000000000000000000000000000        0.500000000000000000000000000000000000        0.337684070105672578851229228067481528        0.162315929894327421148770771932518472         500.000000000000000000000000000000000        0.997269680000000000000000000000000041         4.50000000000000000000000000000000000         2.92306170590397845841312757825878374         2.92076710261492993831982312683544661         11556.2613801420162391840947195911162         19386.8543118801291773968789989104321      
   31.4403547159164261088988818749477531         0.00000000000000000000000000000000000        0.500000000000000000000000000000000000        0.337684070105672578851229228067481528        0.162315929894327421148770771932518472         500.000000000000000000000000000000000        0.997269680000000000000000000000000041         4.50000000000000000000000000000000000         2.95008760565952141814812408855713165         2.94785618307553691120735448769887771         12266.7033653963892335629179011967833         20013.4304699401270303628386234265541      
   32.9297125509730094348267134385588767         0.00000000000000000000000000000000000        0.500000000000000000000000000000000000        0.337684070105672578851229228067481528        0.162315929894327421148770771932518472         500.000000000000000000000000000000000        0.997269680000000000000000000000000041         4.50000000000000000000000000000000000         2.97722144532388916168333222779108309         2.97505165948416951937269763696467894         13025.3325798942779462663028956461663         20675.5623248351395652657032113844081      
   34.4896226040591652356324616013479640         0.00000000000000000000000000000000000        0.500000000000000000000000000000000000        0.337684070105672578851229228067481528        0.162315929894327421148770771932518472         500.000000000000000000000000000000000        0.997269680000000000000000000000000041         4.50000000000000000000000000000000000         3.00447601000726650682650289883457745         3.00236637954729611940535502748909221         13833.5558090632178766225129424766293         21377.7051373824614554846390581552406      
   36.1234269970959852434556329432163891         0.00000000000000000000000000000000000        0.500000000000000000000000000000000000        0.337684070105672578851229228067481528        0.162315929894327421148770771932518472         500.000000000000000000000000000000000        0.997269680000000000000000000000000041         4.50000000000000000000000000000000000         3.03182670189647805223444398296157403         3.02977571337385271018311099191018726         14697.4692164572002130717491282861143         22120.2956849737441497805062588479543      
   37.8346261713210532672152332780757538         0.00000000000000000000000000000000000        0.500000000000000000000000000000000000        0.337684070105672578851229228067481528        0.162315929894327421148770771932518472         500.000000000000000000000000000000000        0.997269680000000000000000000000000041         4.50000000000000000000000000000000000         3.05929432321469987755835349685253554         3.05730054180191534021411386926147660         15618.9789118925650114678021594097882         22907.9898065557130500218339049529239      
   39.6268863870166317486167498635414547         0.00000000000000000000000000000000000        0.500000000000000000000000000000000000        0.337684070105672578851229228067481528        0.162315929894327421148770771932518472         500.000000000000000000000000000000000        0.997269680000000000000000000000000041         4.50000000000000000000000000000000000         3.08600653288321663147029915098324832         3.08406962090494138696431983354118353         16616.8592776750428431679036705849598         23564.8615416747342748755988324318509      
   41.5040475785067069671132337416860269         0.00000000000000000000000000000000000        0.500000000000000000000000000000000000        0.337684070105672578851229228067481528        0.162315929894327421148770771932518472         500.000000000000000000000000000000000        0.997269680000000000000000000000000041         4.50000000000000000000000000000000000         3.11234162141658170632669399856268336         3.11046070653949698188714261809845756         17690.7249932598084394168908363003775         24160.7945412304016845597521607710302      
   43.4701315812522977450502814228557596         0.00000000000000000000000000000000000        0.500000000000000000000000000000000000        0.337684070105672578851229228067481528        0.162315929894327421148770771932518472         500.000000000000000000000000000000000        0.997269680000000000000000000000000041         4.50000000000000000000000000000000000         3.13870234301915240716745330270056909         3.13687601404367735746269249555040001         18838.7958113696578101186886760614796         24781.2447215986906139896058212269056      
   45.5293507486716565241505913849878156         0.00000000000000000000000000000000000        0.500000000000000000000000000000000000        0.337684070105672578851229228067481528        0.162315929894327421148770771932518472         500.000000000000000000000000000000000        0.997269680000000000000000000000000041         4.50000000000000000000000000000000000         3.16507695762300112902404121035862057         3.16330390898317096470060070199085970         20066.5069141636558930539678580050201         25426.1899790020837258215671271051364      
   47.6861169771469809221183781797401387         0.00000000000000000000000000000000000        0.500000000000000000000000000000000000        0.337684070105672578851229228067481528        0.162315929894327421148770771932518472         500.000000000000000000000000000000000        0.997269680000000000000000000000000041         4.50000000000000000000000000000000000         3.19145537994205430604067507060002136         3.18973423504240890090231091045512891         21379.7328429588145722232103550194865         26086.8498995800912949141958479146507      
   49.9450511585537973057412883106299450         0.00000000000000000000000000000000000        0.500000000000000000000000000000000000        0.337684070105672578851229228067481528        0.162315929894327421148770771932518472         500.000000000000000000000000000000000        0.997269680000000000000000000000000041         4.50000000000000000000000000000000000         3.21782909260715291543397870212152181         3.21615857571648999735469650776168223         22784.6856973233408858591450547368879         26769.5505656284798745764534357970352      
   52.3109930805651492519346455020741169         0.00000000000000000000000000000000000        0.500000000000000000000000000000000000        0.337684070105672578851229228067481528        0.162315929894327421148770771932518472         500.000000000000000000000000000000000        0.997269680000000000000000000000000041         4.50000000000000000000000000000000000         3.24418282175318774588228518824336017         3.24256168573292923900375882150836282         24288.2103072852367400327658430394323         27478.9193549063052541338727987880489      
   54.7890117959420854878872849816232285         0.00000000000000000000000000000000000        0.500000000000000000000000000000000000        0.337684070105672578851229228067481528        0.162315929894327421148770771932518472         500.000000000000000000000000000000000        0.997269680000000000000000000000000041         4.50000000000000000000000000000000000         3.27051077659359107915557941247477875         3.26893780134013392515495137779479622         25897.6773626394680652875899903882495         28217.2131949264997111148433231459867      
   57.3844164830267494473134630390337038         0.00000000000000000000000000000000000        0.500000000000000000000000000000000000        0.337684070105672578851229228067481528        0.162315929894327421148770771932518472         500.000000000000000000000000000000000        0.997269680000000000000000000000000041         4.50000000000000000000000000000000000         3.29680125888454879609318563245117857         3.29527519608051369210107474249501496         27622.3268987104145831960584703556948         28977.4120323150625065953583218361091      
   60.1027678207067787613836741752440859         0.00000000000000000000000000000000000        0.500000000000000000000000000000000000        0.337684070105672578851229228067481528        0.162315929894327421148770771932518472         500.000000000000000000000000000000000        0.997269680000000000000000000000000041         4.50000000000000000000000000000000000         3.32303846047927058468415527315500342         3.32155817964514706521251741895350493         29468.2969641745369871674026650920882         29758.0351172940732144781920267692150      
   62.9498899022219826103145225233349426         0.00000000000000000000000000000000000        0.500000000000000000000000000000000000        0.337684070105672578851229228067481528        0.162315929894327421148770771932518472         500.000000000000000000000000000000000        0.997269680000000000000000000000000041         4.50000000000000000000000000000000000         3.34921048823122080113757297317839873         3.34777483510690050189671496336591307         31445.9414741611690583730836529994193         30570.4810279082577117894778620518540      
   65.9318827133387394963924236784617628         0.00000000000000000000000000000000000        0.500000000000000000000000000000000000        0.337684070105672578851229228067481528        0.162315929894327421148770771932518472         500.000000000000000000000000000000000        0.997269680000000000000000000000000041         4.50000000000000000000000000000000000         3.37530411905619277396745971686865274         3.37391201422488771109360898118311220         33565.2880755382402848178798910136906         31416.3228704590163481863138267573853      
   69.0551352016267211341221719941803480         0.00000000000000000000000000000000000        0.500000000000000000000000000000000000        0.337684070105672578851229228067481528        0.162315929894327421148770771932518472         500.000000000000000000000000000000000        0.997269680000000000000000000000000041         4.50000000000000000000000000000000000         3.40130589353961943274295272083856503         3.39995623460972593486039143687925464         35837.2648534476251125863858355213505         32289.2508154193688692763109716247726      
   72.3263389648389904315881138559222429         0.00000000000000000000000000000000000        0.500000000000000000000000000000000000        0.337684070105672578851229228067481528        0.162315929894327421148770771932518472         500.000000000000000000000000000000000        0.997269680000000000000000000000000041         4.50000000000000000000000000000000000         3.42720094049728447662470919882603432         3.42589268539210075734921672265944626         38273.5430617910638802740545463343623         33183.5800221901085424185708942583219      
   75.7525025877229563234538363456045364         0.00000000000000000000000000000000000        0.500000000000000000000000000000000000        0.337684070105672578851229228067481528        0.162315929894327421148770771932518472         500.000000000000000000000000000000000        0.997269680000000000000000000000000041         4.50000000000000000000000000000000000         3.45297051758079927594618659993499905         3.45170259368086493241918903969193039         40886.7328678037132631650134806432943         34114.6539900491360189691587440116499      
   79.3409666579789374092779396113335383         0.00000000000000000000000000000000000        0.500000000000000000000000000000000000        0.337684070105672578851229228067481528        0.162315929894327421148770771932518472         500.000000000000000000000000000000000        0.997269680000000000000000000000000041         4.50000000000000000000000000000000000         3.47860075739770412237925896390184351         3.47737216525667703139474776257513921         43690.6864035456419276813954960421807         35084.6302996294654975804317640460205      
   83.0994194935381664732668516345784739         0.00000000000000000000000000000000000        0.500000000000000000000000000000000000        0.337684070105672578851229228067481528        0.162315929894327421148770771932518472         500.000000000000000000000000000000000        0.997269680000000000000000000000000041         4.50000000000000000000000000000000000         3.50407857845402787864235849204000069         3.50288833830895230593082829862665718         46700.3069201559483332356152689762756         36086.4072150804353087673383716536486      
   87.0359136148560765360321240320169501         0.00000000000000000000000000000000000        0.500000000000000000000000000000000000        0.337684070105672578851229228067481528        0.162315929894327421148770771932518472         500.000000000000000000000000000000000        0.997269680000000000000000000000000041         4.50000000000000000000000000000000000         3.52939028778782168100039114049044700         3.52823743494000966293423912476849315         49930.9916562459375745490486913263714         37111.5826366877931439880429847133032      
   91.1588829975129113180355582295095585         0.00000000000000000000000000000000000        0.500000000000000000000000000000000000        0.337684070105672578851229228067481528        0.162315929894327421148770771932518472         500.000000000000000000000000000000000        0.997269680000000000000000000000000041         4.50000000000000000000000000000000000         3.55451840688455113513359514858265830         3.55340194177631292171387241798631819         53403.7125327795714886460254056931355         38043.7500499082320633609844706202021      
   95.4771611420855187564395181622441053         0.00000000000000000000000000000000000        0.500000000000000000000000000000000000        0.337684070105672578851229228067481528        0.162315929894327421148770771932518472         500.000000000000000000000000000000000        0.997269680000000000000000000000000041         4.50000000000000000000000000000000000         3.57973308630125516429785377468703535         3.57865196008419352864968291779518279         57091.1571813962139548897992163735837         37966.2485754964866988031972829848319      
   100.000000000005197392984105217599543         0.00000000000000000000000000000000000        0.500000000000000000000000000000000000        0.337684070105672578851229228067481528        0.162315929894327421148770771932518472         500.000000000000000000000000000000000        0.997269680000000000000000000000000041         4.50000000000000000000000000000000000         3.60549097552856123870597452504658145         3.60444387705747778691039309525278072         60930.0664991220784429381476683577784         37909.9936647674066051787895859772664      
