 mass envelope_frac water_frac mantle_frac core_frac T_eq period age radius transit_radius inner_pressure inner_temperature
  0.127505124071303144618257819009567858         0.00000000000000000000000000000000000        0.500000000000000000000000000000000000        0.337684070105672578851229228067481528        0.162315929894327421148770771932518472         1000.00000000000000000000000000000000        0.997269680000000000000000000000000041         4.50000000000000000000000000000000000         10.7957273489569004782011781631296344         2.36794661286901081376378048949663724         34.9072743383033349005381221614065406         3743.77864812807653592936049357913327      
  0.133545156292991832326932402316673282         0.00000000000000000000000000000000000        0.500000000000000000000000000000000000        0.337684070105672578851229228067481528        0.162315929894327421148770771932518472         1000.00000000000000000000000000000000        0.997269680000000000000000000000000041         4.50000000000000000000000000000000000         6.95182044694791399816428176015932511         2.24843964425486332269051383314222833         36.3021712213790728617932718977508318         3777.88801909415707484313830912361574      
  0.139871310264725923734212542400487802         0.00000000000000000000000000000000000        0.500000000000000000000000000000000000        0.337684070105672578851229228067481528        0.162315929894327421148770771932518472         1000.00000000000000000000000000000000        0.997269680000000000000000000000000041         4.50000000000000000000000000000000000         5.34840254961734220892834688484094555         2.15230053256867702356823881299642593         37.7527944441765109246212416827667547         3812.24893116934906957985894347462999      
  0.146497139830730798859885014704254904         0.00000000000000000000000000000000000        0.500000000000000000000000000000000000        0.337684070105672578851229228067481528        0.162315929894327421148770771932518472         1000.00000000000000000000000000000000        0.997269680000000000000000000000000041         4.50000000000000000000000000000000000         4.44782040780848074742448362435756998         2.06973808997569468738299817411150970         39.2632732945920877849350472072760627         3847.02160511886508025933955898341404      
  0.153436840893003596478571043987610540         0.00000000000000000000000000000000000        0.500000000000000000000000000000000000        0.337684070105672578851229228067481528        0.162315929894327421148770771932518472         1000.00000000000000000000000000000000        0.997269680000000000000000000000000041         4.50000000000000000000000000000000000         3.86375889388957911872413876762356301         1.99397817511624970760247578113799095         40.8377929356066043278934674238309020         3882.14772674402457384216228746019902      
  0.160705281826166404175411117660175785         0.00000000000000000000000000000000000        0.500000000000000000000000000000000000        0.337684070105672578851229228067481528        0.162315929894327421148770771932518472         1000.00000000000000000000000000000000        0.997269680000000000000000000000000041         4.50000000000000000000000000000000000         3.45219651051031654439638815572300730         1.93123283929871951517000888134586851         42.4791857184475492205043093925996725         3917.75774272038793230091058507008091      
  0.168318035333098355319523878900328206         0.00000000000000000000000000000000000        0.500000000000000000000000000000000000        0.337684070105672578851229228067481528        0.162315929894327421148770771932518472         1000.00000000000000000000000000000000        0.997269680000000000000000000000000041         4.50000000000000000000000000000000000         3.14591054312034138537347164018820679         1.88050899205530383602836913154662969         44.1915067698073970589813766755524732         3953.87557016641504622377440188690496      
  0.176291411809597623536968597048402244         0.00000000000000000000000000000000000        0.500000000000000000000000000000000000        0.337684070105672578851229228067481528        0.162315929894327421148770771932518472         1000.00000000000000000000000000000000        0.997269680000000000000000000000000041         4.50000000000000000000000000000000000         2.90902345191524277104675482698435196         1.83142183856294270348646200131587543         45.9783812834790124485197412538652235         3990.44043769337648618960640225265885      
  0.184642494289557415975419190134436407         0.00000000000000000000000000000000000        0.500000000000000000000000000000000000        0.337684070105672578851229228067481528        0.162315929894327421148770771932518472         1000.00000000000000000000000000000000        0.997269680000000000000000000000000041         4.50000000000000000000000000000000000         2.72052754483916644779641918814487540         1.79307773139248632767257090982539270         47.8431436570162987084479372623604542         4027.55178947755052064523924461803538      
  0.193389175045526332720793931968250954         0.00000000000000000000000000000000000        0.500000000000000000000000000000000000        0.337684070105672578851229228067481528        0.162315929894327421148770771932518472         1000.00000000000000000000000000000000        0.997269680000000000000000000000000041         4.50000000000000000000000000000000000         2.56722746380915021956952694159463093         1.74953602174377602940236895801391553         49.7897553104084283712721308425834989         4065.19104958057062789131038503306208      
  0.202550193923070136258493621901443151         0.00000000000000000000000000000000000        0.500000000000000000000000000000000000        0.337684070105672578851229228067481528        0.162315929894327421148770771932518472         1000.00000000000000000000000000000000        0.997269680000000000000000000000000041         4.50000000000000000000000000000000000         2.44039924693988593593087720863230984         1.72930617414275216282842231818461659         51.8221144223898051775077366004611301         4103.39956432516866022943956155411224      
  0.212145178491066660656421546258877797         0.00000000000000000000000000000000000        0.500000000000000000000000000000000000        0.337684070105672578851229228067481528        0.162315929894327421148770771932518472         1000.00000000000000000000000000000000        0.997269680000000000000000000000000041         4.50000000000000000000000000000000000         2.33402438245623343331290011174280016         1.70393567166217264224100244970596435         53.9447035619613811883647238093184762         4142.10777075621674925878334748243801      
  0.222194686093956243932729053068759355         0.00000000000000000000000000000000000        0.500000000000000000000000000000000000        0.337684070105672578851229228067481528        0.162315929894327421148770771932518472         1000.00000000000000000000000000000000        0.997269680000000000000000000000000041         4.50000000000000000000000000000000000         2.24381411961723145071561404174080575         1.66518976073419123902051276778084723         56.1617666058896216544269745222073578         4181.40568218782629522938582122408797      
  0.232720247896045024620482335420595173         0.00000000000000000000000000000000000        0.500000000000000000000000000000000000        0.337684070105672578851229228067481528        0.162315929894327421148770771932518472         1000.00000000000000000000000000000000        0.997269680000000000000000000000000041         4.50000000000000000000000000000000000         2.16661980374242431254536812444951028         1.64200299358081508791910003798280480         58.4780323501149047458065441465006673         4221.29627945819588881348661631716294      
  0.243744415012226435488952487885240485         0.00000000000000000000000000000000000        0.500000000000000000000000000000000000        0.337684070105672578851229228067481528        0.162315929894327421148770771932518472         1000.00000000000000000000000000000000        0.997269680000000000000000000000000041         4.50000000000000000000000000000000000         2.10007546178541766751974680877293767         1.62566925752804021742657171810862882         60.8984953922441509795373398635228994         4261.77635741867288259917612202448486      
  0.255290806823956397939774451911334331         0.00000000000000000000000000000000000        0.500000000000000000000000000000000000        0.337684070105672578851229228067481528        0.162315929894327421148770771932518472         1000.00000000000000000000000000000000        0.997269680000000000000000000000000041         4.50000000000000000000000000000000000         2.04236736571111164566182533821669280         1.60927313149775312131012945593097315         63.4261024825195772542530904094231503         4302.82495808766715391372756506040783      
  0.267384161583999647148154120888094587         0.00000000000000000000000000000000000        0.500000000000000000000000000000000000        0.337684070105672578851229228067481528        0.162315929894327421148770771932518472         1000.00000000000000000000000000000000        0.997269680000000000000000000000000041         4.50000000000000000000000000000000000         1.99207902176258788810367433606381579         1.59162691558263375097478106484572484         66.0710624902695019069084309475147666         4344.45660677480205759109095070086917      
  0.280050389418368331636181818145177102         0.00000000000000000000000000000000000        0.500000000000000000000000000000000000        0.337684070105672578851229228067481528        0.162315929894327421148770771932518472         1000.00000000000000000000000000000000        0.997269680000000000000000000000000041         4.50000000000000000000000000000000000         1.94808414151724282271410790333517865         1.57876061309930261581629011998986346         68.8391025578242191876718358853753680         4386.02876133122631764207842045264501      
  0.293316627839010037899556840640473318         0.00000000000000000000000000000000000        0.500000000000000000000000000000000000        0.337684070105672578851229228067481528        0.162315929894327421148770771932518472         1000.00000000000000000000000000000000        0.997269680000000000000000000000000041         4.50000000000000000000000000000000000         1.90949104514677160511039012925255581         1.56650268006891241405347838431380050         71.7347672620195691767395602666316184         4428.00120758102834473517113229688438      
  0.307211299886181694903675457144820827         0.00000000000000000000000000000000000        0.500000000000000000000000000000000000        0.337684070105672578851229228067481528        0.162315929894327421148770771932518472         1000.00000000000000000000000000000000        0.997269680000000000000000000000000041         4.50000000000000000000000000000000000         1.87557436663225262902436872370534893         1.55673458066219038642034124071522242         74.7637022050503854700159472315586990         4470.60599530738230973633491831310789      
  0.321764175025079939929779942085648449         0.00000000000000000000000000000000000        0.500000000000000000000000000000000000        0.337684070105672578851229228067481528        0.162315929894327421148770771932518472         1000.00000000000000000000000000000000        0.997269680000000000000000000000000041         4.50000000000000000000000000000000000         1.84573703095348504037290582510429453         1.54795244588195190311406882257773020         77.9324811060185217631152905493545582         4513.89283878165831324926292873714939      
  0.337006432927199547555937678304493054         0.00000000000000000000000000000000000        0.500000000000000000000000000000000000        0.337684070105672578851229228067481528        0.162315929894327421148770771932518472         1000.00000000000000000000000000000000        0.997269680000000000000000000000000041         4.50000000000000000000000000000000000         1.81948193031763860776496829478872255         1.54162308336808231551344324605670877         81.2458897126577905629056520977280955         4557.72569072589341243957701895275362      
  0.352970730273072080492371624264509206         0.00000000000000000000000000000000000        0.500000000000000000000000000000000000        0.337684070105672578851229228067481528        0.162315929894327421148770771932518472         1000.00000000000000000000000000000000        0.997269680000000000000000000000000041         4.50000000000000000000000000000000000         1.79639479128257091316348278607343951         1.53777853448928740790788184556287620         84.7168267157398324546290524170304902         4602.23231530957870499500890776917847      
  0.369691270719510256457304422777255813         0.00000000000000000000000000000000000        0.500000000000000000000000000000000000        0.337684070105672578851229228067481528        0.162315929894327421148770771932518472         1000.00000000000000000000000000000000        0.997269680000000000000000000000000041         4.50000000000000000000000000000000000         1.77612625233428121797296666049914940         1.53203541083578030561045173054927301         88.3500659391973521157907062375694758         4647.46212582121304739084787618435367      
  0.387203878181263508459966947142191053         0.00000000000000000000000000000000000        0.500000000000000000000000000000000000        0.337684070105672578851229228067481528        0.162315929894327421148770771932518472         1000.00000000000000000000000000000000        0.997269680000000000000000000000000041         4.50000000000000000000000000000000000         1.75837805529794706561039936379844576         1.52871050510919583300432274747559219         92.1542488184133971699249974160653201         4693.33783999887324185925014816808642      
  0.405546073584091372929320306957881816         0.00000000000000000000000000000000000        0.500000000000000000000000000000000000        0.337684070105672578851229228067481528        0.162315929894327421148770771932518472         1000.00000000000000000000000000000000        0.997269680000000000000000000000000041         4.50000000000000000000000000000000000         1.74289545144419561868832465036421518         1.52733040772820460328242934354463198         96.1346872294664409532562374658041372         4739.85108311545657318558916740506623      
  0.424757155253698885385985478437553801         0.00000000000000000000000000000000000        0.500000000000000000000000000000000000        0.337684070105672578851229228067481528        0.162315929894327421148770771932518472         1000.00000000000000000000000000000000        0.997269680000000000000000000000000041         4.50000000000000000000000000000000000         1.72945985451872594324473316979486314         1.53188206217621810517548386718194645         100.293640202918112939974362201546290         4787.09029393556156299269632052401009      
  0.444878283112768031811350146623921564         0.00000000000000000000000000000000000        0.500000000000000000000000000000000000        0.337684070105672578851229228067481528        0.162315929894327421148770771932518472         1000.00000000000000000000000000000000        0.997269680000000000000000000000000041         4.50000000000000000000000000000000000         1.71789695547070912492409902633573682         1.52459754455765766363940042047483016         104.487961281676214658348900188419684         4834.36838261837711187528103943859523      
  0.465952566866478185388067003418371743         0.00000000000000000000000000000000000        0.500000000000000000000000000000000000        0.337684070105672578851229228067481528        0.162315929894327421148770771932518472         1000.00000000000000000000000000000000        0.997269680000000000000000000000000041         4.50000000000000000000000000000000000         1.70803595383526298435719164244495913         1.52481392533150053572635500373809939         108.895364492707852010009884172632919         4882.82183363204985078936214978479759      
  0.488025158365453833350361152141345848         0.00000000000000000000000000000000000        0.500000000000000000000000000000000000        0.337684070105672578851229228067481528        0.162315929894327421148770771932518472         1000.00000000000000000000000000000000        0.997269680000000000000000000000000041         4.50000000000000000000000000000000000         1.69972881965540212384246678394049727         1.52605136123756476672619465677844246         113.529089820470545938182884507386493         4932.41656085152097281181958223436451      
  0.511143348344028075836959282509472174         0.00000000000000000000000000000000000        0.500000000000000000000000000000000000        0.337684070105672578851229228067481528        0.162315929894327421148770771932518472         1000.00000000000000000000000000000000        0.997269680000000000000000000000000041         4.50000000000000000000000000000000000         1.69284813250572521538813299504611122         1.52804039478314737666952799969529396         118.397154824348158950290661864187286         4983.14710455179801967133860491613990      
  0.535356667741084533722548138030577650         0.00000000000000000000000000000000000        0.500000000000000000000000000000000000        0.337684070105672578851229228067481528        0.162315929894327421148770771932518472         1000.00000000000000000000000000000000        0.997269680000000000000000000000000041         4.50000000000000000000000000000000000         1.68728221765129961989438854215722907         1.53029863070744468524358158307533039         123.504855629081444790860315062616347         5034.98058921354780353901533054794478      
  0.560716993820558519630662000117957924         0.00000000000000000000000000000000000        0.500000000000000000000000000000000000        0.337684070105672578851229228067481528        0.162315929894327421148770771932518472         1000.00000000000000000000000000000000        0.997269680000000000000000000000000041         4.50000000000000000000000000000000000         1.68293225808889057153898086110177888         1.53337846542652991912316953933561677         128.868408706567709169081911831436163         5088.00139188232092408051936879856427      
  0.587278661318961641324294675315294360         0.00000000000000000000000000000000000        0.500000000000000000000000000000000000        0.337684070105672578851229228067481528        0.162315929894327421148770771932518472         1000.00000000000000000000000000000000        0.997269680000000000000000000000000041         4.50000000000000000000000000000000000         1.67971059895256148453566852098119079         1.53747906833549540490477139221570218         134.500555599575390698792547038877233         5142.20443944956767269631856125613761      
  0.615098578858064451529164264953569834         0.00000000000000000000000000000000000        0.500000000000000000000000000000000000        0.337684070105672578851229228067481528        0.162315929894327421148770771932518472         1000.00000000000000000000000000000000        0.997269680000000000000000000000000041         4.50000000000000000000000000000000000         1.67753958981876537053780547910509913         1.54115604569388565252998800696958406         140.419096507429379920414282852791528         5197.67456202523481995116917197457624      
  0.644236350872152408747567964251532425         0.00000000000000000000000000000000000        0.500000000000000000000000000000000000        0.337684070105672578851229228067481528        0.162315929894327421148770771932518472         1000.00000000000000000000000000000000        0.997269680000000000000000000000000041         4.50000000000000000000000000000000000         1.67635050522104324480757550556914812         1.54590382420369142785203931526373752         146.626243211682575353901554787360488         5254.27982872398868359177840589602800      
  0.674754405311085438667667359428963781         0.00000000000000000000000000000000000        0.500000000000000000000000000000000000        0.337684070105672578851229228067481528        0.162315929894327421148770771932518472         1000.00000000000000000000000000000000        0.997269680000000000000000000000000041         4.50000000000000000000000000000000000         1.67607982088507289781180963214241155         1.55160528550064418043477128227041569         153.151219034856477081463252022378760         5312.25566056341778617912414401211152      
  0.706718127392766099165833109055340844         0.00000000000000000000000000000000000        0.500000000000000000000000000000000000        0.337684070105672578851229228067481528        0.162315929894327421148770771932518472         1000.00000000000000000000000000000000        0.997269680000000000000000000000000041         4.50000000000000000000000000000000000         1.67667166451535798025871548096552046         1.55704182693694871672581776616200527         160.001959366680238108938059394799191         5371.52493809726147020857280661821509      
  0.740195999691582266577873530475029904         0.00000000000000000000000000000000000        0.500000000000000000000000000000000000        0.337684070105672578851229228067481528        0.162315929894327421148770771932518472         1000.00000000000000000000000000000000        0.997269680000000000000000000000000041         4.50000000000000000000000000000000000         1.67807561080237640837808191203943794         1.56337895944603583355916426824497426         167.197108180830255538765101030240846         5432.15485547776854596494958069779711      
  0.775259748862965145759849187317876307         0.00000000000000000000000000000000000        0.500000000000000000000000000000000000        0.337684070105672578851229228067481528        0.162315929894327421148770771932518472         1000.00000000000000000000000000000000        0.997269680000000000000000000000000041         4.50000000000000000000000000000000000         1.68024433412033697598508500424733704         1.57019859326043968778483980861881159         174.751500506072473066082423486730559         5494.14166544619657914652498404688851      
  0.811984499318421345788851126412103227         0.00000000000000000000000000000000000        0.500000000000000000000000000000000000        0.337684070105672578851229228067481528        0.162315929894327421148770771932518472         1000.00000000000000000000000000000000        0.997269680000000000000000000000000041         4.50000000000000000000000000000000000         1.68313919410046491186223755828285062         1.57742122746728321356745692305700268         182.696672318612716057408769097336422         5557.70745966934760397137643157345276      
  0.850448934180289219036975673402549010         0.00000000000000000000000000000000000        0.500000000000000000000000000000000000        0.337684070105672578851229228067481528        0.162315929894327421148770771932518472         1000.00000000000000000000000000000000        0.997269680000000000000000000000000041         4.50000000000000000000000000000000000         1.68672116057240318539359244640333808         1.58505661022151257772938923098459834         191.037806521773088667067918375751481         5622.72918766249140657485453972749066      
  0.890735463861066538871678342365989236         0.00000000000000000000000000000000000        0.500000000000000000000000000000000000        0.337684070105672578851229228067481528        0.162315929894327421148770771932518472         1000.00000000000000000000000000000000        0.997269680000000000000000000000000041         4.50000000000000000000000000000000000         1.69095571997210361156612967039283946         1.59308779289219478265868480515439843         199.811391594903568479551768207392146         5689.42644486257656259975566997413708      
  0.932930402628492306849122631846463221         0.00000000000000000000000000000000000        0.500000000000000000000000000000000000        0.337684070105672578851229228067481528        0.162315929894327421148770771932518472         1000.00000000000000000000000000000000        0.997269680000000000000000000000000041         4.50000000000000000000000000000000000         1.69581142604350824341261899985846802         1.60147196323350943105853212903388746         209.029826081939049631439578099433583         5757.72966144954138479826929320043472      
  0.977124153534675033397991232687960264         0.00000000000000000000000000000000000        0.500000000000000000000000000000000000        0.337684070105672578851229228067481528        0.162315929894327421148770771932518472         1000.00000000000000000000000000000000        0.997269680000000000000000000000000041         4.50000000000000000000000000000000000         1.70125165621360175513658389255367621         1.61033510709272405254078332336736325         218.726261456905735038049271337900201         5827.46159027158995802230758144228898      
   1.02341140210547988401757228923722065         0.00000000000000000000000000000000000        0.500000000000000000000000000000000000        0.337684070105672578851229228067481528        0.162315929894327421148770771932518472         1000.00000000000000000000000000000000        0.997269680000000000000000000000000041         4.50000000000000000000000000000000000         1.70719964375398790746455647381142582         1.61966511978657713182382366064580910         229.008441291030960216455296904250312         5896.99702476356084872569122606067394      
   1.07189131920515601980676290596541418         0.00000000000000000000000000000000000        0.500000000000000000000000000000000000        0.337684070105672578851229228067481528        0.162315929894327421148770771932518472         1000.00000000000000000000000000000000        0.997269680000000000000000000000000041         4.50000000000000000000000000000000000         1.71368977392757068622212430476915974         1.62901311363626792025140529667498867         239.809797789063559302640432547266404         5967.88489258028627618933756045411432      
   1.12266777351084349932308213365971722         0.00000000000000000000000000000000000        0.500000000000000000000000000000000000        0.337684070105672578851229228067481528        0.162315929894327421148770771932518472         1000.00000000000000000000000000000000        0.997269680000000000000000000000000041         4.50000000000000000000000000000000000         1.72069946705846340745181120175675402         1.63902225174261321830911604924282854         251.166035419471822682901743112986255         6040.27885067221230475508514903726339      
   1.17584955405218836587405952039268318         0.00000000000000000000000000000000000        0.500000000000000000000000000000000000        0.337684070105672578851229228067481528        0.162315929894327421148770771932518472         1000.00000000000000000000000000000000        0.997269680000000000000000000000000041         4.50000000000000000000000000000000000         1.72821582073754023231237398034091419         1.65298883580398742800721281464022704         263.103411558304974548478829424789734         6114.21229166673111627161526386799402      
   1.23155060329285913304393922610526752         0.00000000000000000000000000000000000        0.500000000000000000000000000000000000        0.337684070105672578851229228067481528        0.162315929894327421148770771932518472         1000.00000000000000000000000000000000        0.997269680000000000000000000000000041         4.50000000000000000000000000000000000         1.73625538820196908028091672234086493         1.65981150965059854825957883024103462         275.648558915598101406747095637624560         6189.83571259162338022773849566367782      
   1.28989026125334400389008600428654072         0.00000000000000000000000000000000000        0.500000000000000000000000000000000000        0.337684070105672578851229228067481528        0.162315929894327421148770771932518472         1000.00000000000000000000000000000000        0.997269680000000000000000000000000041         4.50000000000000000000000000000000000         1.74481402322604307705744716094237618         1.67093005186069121783322208336349443         288.834355668543672401592583317313701         6267.34003163559497732294595422252409      
   1.35099352119806420678539952158028216         0.00000000000000000000000000000000000        0.500000000000000000000000000000000000        0.337684070105672578851229228067481528        0.162315929894327421148770771932518472         1000.00000000000000000000000000000000        0.997269680000000000000000000000000041         4.50000000000000000000000000000000000         1.75387860464420636383260709704130543         1.68231715094032729075279985764949072         302.685927136057608324472451640775291         6346.79223865474058646264427852005637      
   1.41499129743461548663919584700832116         0.00000000000000000000000000000000000        0.500000000000000000000000000000000000        0.337684070105672578851229228067481528        0.162315929894327421148770771932518472         1000.00000000000000000000000000000000        0.997269680000000000000000000000000041         4.50000000000000000000000000000000000         1.76343710727727775641005583333165762         1.69424419951101774588337640826751438         317.241891490257701770818512092266807         6428.37240115718610776321740338916605      
   1.48202070579890013841676841137265918         0.00000000000000000000000000000000000        0.500000000000000000000000000000000000        0.337684070105672578851229228067481528        0.162315929894327421148770771932518472         1000.00000000000000000000000000000000        0.997269680000000000000000000000000041         4.50000000000000000000000000000000000         1.77347811193058790507981875188337565         1.70639148303027137426659497993364925         332.539764503946263194818209800814839         6512.27285737726201223461979115262086      
   1.55222535742709160936160846888458776         0.00000000000000000000000000000000000        0.500000000000000000000000000000000000        0.337684070105672578851229228067481528        0.162315929894327421148770771932518472         1000.00000000000000000000000000000000        0.997269680000000000000000000000000041         4.50000000000000000000000000000000000         1.78399130090522476518464887898862365         1.71906388787905775807210080302799988         348.619316150609685644867674998578449         6598.67809761893223536166338372513220      
   1.62575566644384085973659301860212051         0.00000000000000000000000000000000000        0.500000000000000000000000000000000000        0.337684070105672578851229228067481528        0.162315929894327421148770771932518472         1000.00000000000000000000000000000000        0.997269680000000000000000000000000041         4.50000000000000000000000000000000000         1.79496575870426235195219883372898680         1.73206486002125485217610389822790475         365.508540310491703573112673364838702         6687.68503085598530902986181957425759      
   1.70276917222594935040597643772334275         0.00000000000000000000000000000000000        0.500000000000000000000000000000000000        0.337684070105672578851229228067481528        0.162315929894327421148770771932518472         1000.00000000000000000000000000000000        0.997269680000000000000000000000000041         4.50000000000000000000000000000000000         1.80638249325335261230548898941613005         1.74528294755735905114823556702947284         383.283443097378218424774054979352653         6779.66593046718713257995761918414057      
   1.78343087693196159954962751479630605         0.00000000000000000000000000000000000        0.500000000000000000000000000000000000        0.337684070105672578851229228067481528        0.162315929894327421148770771932518472         1000.00000000000000000000000000000000        0.997269680000000000000000000000000041         4.50000000000000000000000000000000000         1.81819150310978107738754051966297295         1.75906892794078330683579389685087783         401.994251590233546702067759841818784         6874.49501459882971402012559334571908      
   1.86791359902083762667604333648365787         0.00000000000000000000000000000000000        0.500000000000000000000000000000000000        0.337684070105672578851229228067481528        0.162315929894327421148770771932518472         1000.00000000000000000000000000000000        0.997269680000000000000000000000000041         4.50000000000000000000000000000000000         1.83036763018453457692124983966963713         1.77301838305822440383874817179497389         421.699050528516740671361221608539323         6972.26982336265558546834880068764697      
   1.95639834351712235574086149449056598         0.00000000000000000000000000000000000        0.500000000000000000000000000000000000        0.337684070105672578851229228067481528        0.162315929894327421148770771932518472         1000.00000000000000000000000000000000        0.997269680000000000000000000000000041         4.50000000000000000000000000000000000         1.84290116806796015233578727553848043         1.78711789103564315888223580720099469         442.454761473071062378832889577136428         7073.12402303632068080094977994601358      
   2.04907468981590857599889354382844297         0.00000000000000000000000000000000000        0.500000000000000000000000000000000000        0.337684070105672578851229228067481528        0.162315929894327421148770771932518472         1000.00000000000000000000000000000000        0.997269680000000000000000000000000041         4.50000000000000000000000000000000000         1.85578334933272196891159880290050854         1.80162528944273112746457260498681663         464.321627141474828416515682212350996         7177.08075527544749428661558378659625      
   2.14614119785846923144288932206752821         0.00000000000000000000000000000000000        0.500000000000000000000000000000000000        0.337684070105672578851229228067481528        0.162315929894327421148770771932518472         1000.00000000000000000000000000000000        0.997269680000000000000000000000000041         4.50000000000000000000000000000000000         1.86900598440299713305319192520729522         1.81662813583798260328789857031584335         487.363270426421750554925202237292517         7284.29201172368043587416249522462857      
   2.24780583354879414104030832593962274         0.00000000000000000000000000000000000        0.500000000000000000000000000000000000        0.337684070105672578851229228067481528        0.162315929894327421148770771932518472         1000.00000000000000000000000000000000        0.997269680000000000000000000000000041         4.50000000000000000000000000000000000         1.88256119792064235947481907019982847         1.83168675856930957773608639644558403         511.646788728459278199325295070098743         7394.97200049048945430252265114070251      
   2.35428641432249007020695607335824657         0.00000000000000000000000000000000000        0.500000000000000000000000000000000000        0.337684070105672578851229228067481528        0.162315929894327421148770771932518472         1000.00000000000000000000000000000000        0.997269680000000000000000000000000041         4.50000000000000000000000000000000000         1.89644190124187323099347636144646882         1.84687155871835722954856904821364815         537.241260057431531944072023744922407         7509.30281172122623517254099773796687      
   2.46581107582267970147068279155487439         0.00000000000000000000000000000000000        0.500000000000000000000000000000000000        0.337684070105672578851229228067481528        0.162315929894327421148770771932518472         1000.00000000000000000000000000000000        0.997269680000000000000000000000000041         4.50000000000000000000000000000000000         1.91064102746885156813750544613900834         1.86272886394669246755362424636552266         564.219245462097387694783985457885549         7627.37958112131237801317590656121034      
   2.58261876068275699540889612963339913         0.00000000000000000000000000000000000        0.500000000000000000000000000000000000        0.337684070105672578851229228067481528        0.162315929894327421148770771932518472         1000.00000000000000000000000000000000        0.997269680000000000000000000000000041         4.50000000000000000000000000000000000         1.92515250771802754372218974619625626         1.87839628855718434791903289425202052         592.681121063823472160381041880290558         7749.58448193151551604494299073242001      
   2.70495973046322058012775948376762777         0.00000000000000000000000000000000000        0.500000000000000000000000000000000000        0.337684070105672578851229228067481528        0.162315929894327421148770771932518472         1000.00000000000000000000000000000000        0.997269680000000000000000000000000041         4.50000000000000000000000000000000000         1.93954716530757663770669152807404269         1.89429055046549000417271065068951795         626.617276293930424951252856982915873         7888.17348419916740342478266800437831      
   2.83309610183941463691826271807341983         0.00000000000000000000000000000000000        0.500000000000000000000000000000000000        0.337684070105672578851229228067481528        0.162315929894327421148770771932518472         1000.00000000000000000000000000000000        0.997269680000000000000000000000000041         4.50000000000000000000000000000000000         1.95321329606786567243373961889578382         1.90933952839514004232564205122031819         683.802709559836978829229760348092842         8021.14344467217832368395037069141356      
   2.96730240818896454651461614421851563         0.00000000000000000000000000000000000        0.500000000000000000000000000000000000        0.337684070105672578851229228067481528        0.162315929894327421148770771932518472         1000.00000000000000000000000000000000        0.997269680000000000000000000000000041         4.50000000000000000000000000000000000         1.96825705087160769870178189779111425         1.92568290819462256103728636236711748         720.765922425278188624893349083433591         8137.46199017325438305329081160266577      
   3.10786618778211364466063213094136699         0.00000000000000000000000000000000000        0.500000000000000000000000000000000000        0.337684070105672578851229228067481528        0.162315929894327421148770771932518472         1000.00000000000000000000000000000000        0.997269680000000000000000000000000041         4.50000000000000000000000000000000000         1.98359362554533075061079980272105751         1.94221699134409175283432718981301394         759.406640099122412406031547841687555         8254.31218306902057848763325380280760      
   3.25508859983516440085845691551799553         0.00000000000000000000000000000000000        0.500000000000000000000000000000000000        0.337684070105672578851229228067481528        0.162315929894327421148770771932518472         1000.00000000000000000000000000000000        0.997269680000000000000000000000000041         4.50000000000000000000000000000000000         1.99913708623868848080123774712983384         1.95895834917112601957513668424281908         800.077225927548855514085834743631835         8412.34798273778381538966908607372450      
   3.40928506974692429676371810701270237         0.00000000000000000000000000000000000        0.500000000000000000000000000000000000        0.337684070105672578851229228067481528        0.162315929894327421148770771932518472         1000.00000000000000000000000000000000        0.997269680000000000000000000000000041         4.50000000000000000000000000000000000         2.01498825181275649476671524694044053         1.97588499374115523633301490484691062         842.788935261470852922901965332120113         8528.68082681325746247896352594312760      
   3.57078596490058154200418219794212579         0.00000000000000000000000000000000000        0.500000000000000000000000000000000000        0.337684070105672578851229228067481528        0.162315929894327421148770771932518472         1000.00000000000000000000000000000000        0.997269680000000000000000000000000041         4.50000000000000000000000000000000000         2.03105961772735611301284042773944008         1.99307400748645468477126235964252329         888.036453502489208496427314946436215         8646.76445188180819941146185040427990      
   3.73993730247892248533723346676967991         0.00000000000000000000000000000000000        0.500000000000000000000000000000000000        0.337684070105672578851229228067481528        0.162315929894327421148770771932518472         1000.00000000000000000000000000000000        0.997269680000000000000000000000000041         4.50000000000000000000000000000000000         2.04732294833613733400480475127901700         2.01038771542651857337807389401330522         936.039396597470497277098239727874825         8766.63318915685231983338224880747177      
   3.91710149080939146393706924636129076         0.00000000000000000000000000000000000        0.500000000000000000000000000000000000        0.337684070105672578851229228067481528        0.162315929894327421148770771932518472         1000.00000000000000000000000000000000        0.997269680000000000000000000000000041         4.50000000000000000000000000000000000         2.06384071564167683466066404779252884         2.02796139131197111288965923270470796         986.634861541880372054624429772098082         8887.77477360108150929517004938785144      
   4.10265810582733183554468384630866708         0.00000000000000000000000000000000000        0.500000000000000000000000000000000000        0.337684070105672578851229228067481528        0.162315929894327421148770771932518472         1000.00000000000000000000000000000000        0.997269680000000000000000000000000041         4.50000000000000000000000000000000000         2.08060752851503348697274739728125019         2.04573257418066040995484615554531146         1039.99393668068401334661485468956849         9010.23748430470060885831414664023066      
   4.29700470432098797081550436783669861         0.00000000000000000000000000000000000        0.500000000000000000000000000000000000        0.337684070105672578851229228067481528        0.162315929894327421148770771932518472         1000.00000000000000000000000000000000        0.997269680000000000000000000000000041         4.50000000000000000000000000000000000         2.09762943595069986259233785671968320         2.06372366664192591010401350010466109         1096.26181823074454792463822352717723         9134.01570592268160272859682962540075      
   4.50055767570065325107907567564988206         0.00000000000000000000000000000000000        0.500000000000000000000000000000000000        0.337684070105672578851229228067481528        0.162315929894327421148770771932518472         1000.00000000000000000000000000000000        0.997269680000000000000000000000000041         4.50000000000000000000000000000000000         2.11489300784866540154305792019961816         2.08192393082845558203877372147332153         1155.66523077513745987281603679917173         9259.22005456407368307332093459061125      
   4.71375313411688746090811432995346639         0.00000000000000000000000000000000000        0.500000000000000000000000000000000000        0.337684070105672578851229228067481528        0.162315929894327421148770771932518472         1000.00000000000000000000000000000000        0.997269680000000000000000000000000041         4.50000000000000000000000000000000000         2.13240638725298547545136334676793201         2.10035739462903138337707691204798630         1218.36552039129790965708701277291113         9385.83164156649556396014690777318152      
   4.93704785283917522455720499133271388         0.00000000000000000000000000000000000        0.500000000000000000000000000000000000        0.337684070105672578851229228067481528        0.162315929894327421148770771932518472         1000.00000000000000000000000000000000        0.997269680000000000000000000000000041         4.50000000000000000000000000000000000         2.15015787897841157291905795153741775         2.11899594685507499113638687584201032         1284.61015514827072955574718873091930         9513.95189945500003628145894929245028      
   5.17092024289694052668163232095138689         0.00000000000000000000000000000000000        0.500000000000000000000000000000000000        0.337684070105672578851229228067481528        0.162315929894327421148770771932518472         1000.00000000000000000000000000000000        0.997269680000000000000000000000000041         4.50000000000000000000000000000000000         2.16858328030389685703522381327667193         2.13827094496584558473418533245873086         1353.28171603100278066415629376993439         9641.79969140277981352240890398794001      
   5.41587137807966487084961468635563235         0.00000000000000000000000000000000000        0.500000000000000000000000000000000000        0.337684070105672578851229228067481528        0.162315929894327421148770771932518472         1000.00000000000000000000000000000000        0.997269680000000000000000000000000041         4.50000000000000000000000000000000000         2.19294588699040373623016981720774216         2.16331913975031606970164120325522613         1398.72571899012888549153139468445027         9797.89832378970077639419756716639227      
   5.67242606849218144376540893055636070         0.00000000000000000000000000000000000        0.500000000000000000000000000000000000        0.337684070105672578851229228067481528        0.162315929894327421148770771932518472         1000.00000000000000000000000000000000        0.997269680000000000000000000000000041         4.50000000000000000000000000000000000         2.21206810058829554294252622791942835         2.18325400631427775920439737824552140         1473.15043665930319289945186983797877         9956.47310392765590841047965789012422      
   5.94113398496524757317294119695305884         0.00000000000000000000000000000000000        0.500000000000000000000000000000000000        0.337684070105672578851229228067481528        0.162315929894327421148770771932518472         1000.00000000000000000000000000000000        0.997269680000000000000000000000000041         4.50000000000000000000000000000000000         2.23142728968488635446485547632275384         2.20362295419387436945285105592061699         1552.21980302626735800601246768733820         10120.8753726146539758166449637826130      
   6.22257083673045567818932634861224246         0.00000000000000000000000000000000000        0.500000000000000000000000000000000000        0.337684070105672578851229228067481528        0.162315929894327421148770771932518472         1000.00000000000000000000000000000000        0.997269680000000000000000000000000041         4.50000000000000000000000000000000000         2.25102412503890674553651712768341886         2.22374805119544474482335233186956732         1635.84173809978305231070279530832612         10290.9102275029966528279011352400648      
   6.51733960488266225567076642791935208         0.00000000000000000000000000000000000        0.500000000000000000000000000000000000        0.337684070105672578851229228067481528        0.162315929894327421148770771932518472         1000.00000000000000000000000000000000        0.997269680000000000000000000000000041         4.50000000000000000000000000000000000         2.27085323276812669973194451819307371         2.24422869082779183911015983656180205         1724.41079530543056892279076834963039         10467.4986917531179065947885254481047      
   6.82607183427263972690668329495824292         0.00000000000000000000000000000000000        0.500000000000000000000000000000000000        0.337684070105672578851229228067481528        0.162315929894327421148770771932518472         1000.00000000000000000000000000000000        0.997269680000000000000000000000000041         4.50000000000000000000000000000000000         2.29091488888451654641789664445720417         2.26510623773920130980696234288947175         1818.20272299901749090906682859595306         10650.4217973807976110875282628232552      
   7.14942898659784326950660524938800231         0.00000000000000000000000000000000000        0.500000000000000000000000000000000000        0.337684070105672578851229228067481528        0.162315929894327421148770771932518472         1000.00000000000000000000000000000000        0.997269680000000000000000000000000041         4.50000000000000000000000000000000000         2.31120531316008821666394674040705437         2.28610863089315726751357784124234185         1917.39887380046196047030051705270161         10839.7123349756663897190905353825672      
   7.48810385759030229475404929283587874         0.00000000000000000000000000000000000        0.500000000000000000000000000000000000        0.337684070105672578851229228067481528        0.162315929894327421148770771932518472         1000.00000000000000000000000000000000        0.997269680000000000000000000000000041         4.50000000000000000000000000000000000         2.33172205666979761266028111104162388         2.30729569013853432303177454638208395         2022.54378668566101855439991156608438         11036.1867112908019410197058013556654      
   7.84282206133797492150195102086104320         0.00000000000000000000000000000000000        0.500000000000000000000000000000000000        0.337684070105672578851229228067481528        0.162315929894327421148770771932518472         1000.00000000000000000000000000000000        0.997269680000000000000000000000000041         4.50000000000000000000000000000000000         2.35246217831935016303025983113056451         2.32869280798925176038933468780102709         2133.93850897357276946078263896871484         11239.7838559597076812414664335554476      
   8.21434358491973787188331079880935809         0.00000000000000000000000000000000000        0.500000000000000000000000000000000000        0.337684070105672578851229228067481528        0.162315929894327421148770771932518472         1000.00000000000000000000000000000000        0.997269680000000000000000000000000041         4.50000000000000000000000000000000000         2.37342317072507571691715659488367908         2.35030002290285695841084249887502855         2251.98023341660811071315901395667751         11450.9572825641143317882175489325400      
   8.60346441668483183756181982790961157         0.00000000000000000000000000000000000        0.500000000000000000000000000000000000        0.337684070105672578851229228067481528        0.162315929894327421148770771932518472         1000.00000000000000000000000000000000        0.997269680000000000000000000000000041         4.50000000000000000000000000000000000         2.39460246814303215046631497741035924         2.37211205042775886150099351941442632         2377.09866574284240025575664248339786         11669.9841172224133837320056240530559      
   9.01101825166536630189666009569239489         0.00000000000000000000000000000000000        0.500000000000000000000000000000000000        0.337684070105672578851229228067481528        0.162315929894327421148770771932518472         1000.00000000000000000000000000000000        0.997269680000000000000000000000000041         4.50000000000000000000000000000000000         2.41599737813018360910320524982849370         2.39412260154774188766176667455750028         2509.74799004381618576789379659575875         11897.2576649875107665663793369925078      
   9.43787827777574610680776305101093867         0.00000000000000000000000000000000000        0.500000000000000000000000000000000000        0.337684070105672578851229228067481528        0.162315929894327421148770771932518472         1000.00000000000000000000000000000000        0.997269680000000000000000000000000041         4.50000000000000000000000000000000000         2.43760451259720678297793458958017054         2.41633418255141152351664811895393861         2650.42061746149013463241250350073307         12132.9557226486904238379439472792936      
   9.88495904662596879076778864032827051         0.00000000000000000000000000000000000        0.500000000000000000000000000000000000        0.337684070105672578851229228067481528        0.162315929894327421148770771932518472         1000.00000000000000000000000000000000        0.997269680000000000000000000000000041         4.50000000000000000000000000000000000         2.45942154968614842292127914998983399         2.43873727385376486669099746375199516         2799.63396040827384859651205562531881         12377.5331207924303919417998956663066      
   10.3532184329570277361739405380354267         0.00000000000000000000000000000000000        0.500000000000000000000000000000000000        0.337684070105672578851229228067481528        0.162315929894327421148770771932518472         1000.00000000000000000000000000000000        0.997269680000000000000000000000000041         4.50000000000000000000000000000000000         2.48144566778683641163944873817472004         2.46132923968264539186638343817440925         2957.95007224466535303725714598980052         12631.2603851338989523568325537207798      
   10.8436596868965298573473131194133672         0.00000000000000000000000000000000000        0.500000000000000000000000000000000000        0.337684070105672578851229228067481528        0.162315929894327421148770771932518472         1000.00000000000000000000000000000000        0.997269680000000000000000000000000041         4.50000000000000000000000000000000000         2.50367365813933930594667100081169177         2.48411767688670081553955961595350150         3125.95871513690116360467018109928463         12894.5812679190478612557597305599094      
   11.3573335834315047407380755747457535         0.00000000000000000000000000000000000        0.500000000000000000000000000000000000        0.337684070105672578851229228067481528        0.162315929894327421148770771932518472         1000.00000000000000000000000000000000        0.997269680000000000000000000000000041         4.50000000000000000000000000000000000         2.52610284986838422382588120504241165         2.50709023864786893361105111812109244         3304.30493719593950237661983761937355         13166.8336304902087025167633451129594      
   11.8953406737036708935232311939754483         0.00000000000000000000000000000000000        0.500000000000000000000000000000000000        0.337684070105672578851229228067481528        0.162315929894327421148770771932518472         1000.00000000000000000000000000000000        0.997269680000000000000000000000000041         4.50000000000000000000000000000000000         2.54872984122725136309496858390126474         2.53024568662460573728698642569790204         3493.66089150047477919004009268966844         13450.1966479803986400014457013922107      
   12.4588336429505803262590704440291315         0.00000000000000000000000000000000000        0.500000000000000000000000000000000000        0.337684070105672578851229228067481528        0.162315929894327421148770771932518472         1000.00000000000000000000000000000000        0.997269680000000000000000000000000041         4.50000000000000000000000000000000000         2.57155138327898854504016647256402631         2.55358125937768327243830250208128876         3694.75863415563158364726028673591601         13744.3517746254817300966603090275639      
   13.0490197801445524899467209692621793         0.00000000000000000000000000000000000        0.500000000000000000000000000000000000        0.337684070105672578851229228067481528        0.162315929894327421148770771932518472         1000.00000000000000000000000000000000        0.997269680000000000000000000000000041         4.50000000000000000000000000000000000         2.59456423624450774735822690512323726         2.57709608536819326635729237644403486         3908.38438704922181243112549737609668         14049.5297078565026715568936905628670      
   13.6671635646206221493148154813537214         0.00000000000000000000000000000000000        0.500000000000000000000000000000000000        0.337684070105672578851229228067481528        0.162315929894327421148770771932518472         1000.00000000000000000000000000000000        0.997269680000000000000000000000000041         4.50000000000000000000000000000000000         2.61776450427463252605896263397244572         2.60078519721253616068287513895156977         4135.36981640379108912023998956152220         14366.1551128083191076535587105848842      
   14.3145893752353758338684692231306029         0.00000000000000000000000000000000000        0.500000000000000000000000000000000000        0.337684070105672578851229228067481528        0.162315929894327421148770771932518472         1000.00000000000000000000000000000000        0.997269680000000000000000000000000041         4.50000000000000000000000000000000000         2.64114878354244802169828227350542148         2.62464450840264059119127451408420044         4376.61293097010128641424242418833982         14694.7116864990030202558120828386493      
   14.9926843278610750864026478869771275         0.00000000000000000000000000000000000        0.500000000000000000000000000000000000        0.337684070105672578851229228067481528        0.162315929894327421148770771932518472         1000.00000000000000000000000000000000        0.997269680000000000000000000000000041         4.50000000000000000000000000000000000         2.66471328221548909946843478412062092         2.64867256128997371280571195063479613         4633.07431538463399572358013975142621         15035.5884906085412364531947645063757      
   15.7029012472944242844593367399923914         0.00000000000000000000000000000000000        0.500000000000000000000000000000000000        0.337684070105672578851229228067481528        0.162315929894327421148770771932518472         1000.00000000000000000000000000000000        0.997269680000000000000000000000000041         4.50000000000000000000000000000000000         2.68845388462646071270135502752125193         2.67286326068969977142127505558058311         4905.77280856652224870349723860124719         15389.3714658160019945711889056223493      
   16.4467617799473254470491446022305387         0.00000000000000000000000000000000000        0.500000000000000000000000000000000000        0.337684070105672578851229228067481528        0.162315929894327421148770771932518472         1000.00000000000000000000000000000000        0.997269680000000000000000000000000041         4.50000000000000000000000000000000000         2.71236654226873507033363579387013740         2.69721727888107507317689799533334751         5195.81191479726013930616723994668766         15756.4619321533310522783021557383964      
   17.2258596539885891666448939958271182         0.00000000000000000000000000000000000        0.500000000000000000000000000000000000        0.337684070105672578851229228067481528        0.162315929894327421148770771932518472         1000.00000000000000000000000000000000        0.997269680000000000000000000000000041         4.50000000000000000000000000000000000         2.73644659845228457995609169034238646         2.72172499246027241453191220305242468         5504.37559589781144721005027127145610         16136.9848591442652042693587971169936      
   18.0418640939214858630807661830989717         0.00000000000000000000000000000000000        0.500000000000000000000000000000000000        0.337684070105672578851229228067481528        0.162315929894327421148770771932518472         1000.00000000000000000000000000000000        0.997269680000000000000000000000000041         4.50000000000000000000000000000000000         2.76068959207570028859682061957758844         2.74638638044521850194050877770896123         5832.71977423598611832581244574242093         16531.2447667263530848977685503266651      
   18.8965233969129017925278720876753030         0.00000000000000000000000000000000000        0.500000000000000000000000000000000000        0.337684070105672578851229228067481528        0.162315929894327421148770771932518472         1000.00000000000000000000000000000000        0.997269680000000000000000000000000041         4.50000000000000000000000000000000000         2.78509094799543368077385696117753212         2.77119449966734986646639772071110001         6182.19605312927598298036928671380485         16940.0214566852708641978952704934524      
   19.7916686785364185751762295282302534         0.00000000000000000000000000000000000        0.500000000000000000000000000000000000        0.337684070105672578851229228067481528        0.162315929894327421148770771932518472         1000.00000000000000000000000000000000        0.997269680000000000000000000000000041         4.50000000000000000000000000000000000         2.80964537253767391779252077892585663         2.79614355007130284263159220219657102         6554.25295864491699469993607727369637         17364.3391872792929827173464292840133      
   20.7292177959546059255378205487295255         0.00000000000000000000000000000000000        0.500000000000000000000000000000000000        0.337684070105672578851229228067481528        0.162315929894327421148770771932518472         1000.00000000000000000000000000000000        0.997269680000000000000000000000000041         4.50000000000000000000000000000000000         2.83434763365945114955348817856220585         2.82123270470186754525815207779981791         6950.45473793860175126967287904962219         17804.1717257425789610632910041382966      
   21.7111794569459824479971497798839502         0.00000000000000000000000000000000000        0.500000000000000000000000000000000000        0.337684070105672578851229228067481528        0.162315929894327421148770771932518472         1000.00000000000000000000000000000000        0.997269680000000000000000000000000041         4.50000000000000000000000000000000000         2.85919191386951359689483104089580301         2.84645251830676365278659185926590125         7372.46634350287387629831421919857800         18259.2508076384173929808020582099446      
   22.7396575235802733048359620889347810         0.00000000000000000000000000000000000        0.500000000000000000000000000000000000        0.337684070105672578851229228067481528        0.162315929894327421148770771932518472         1000.00000000000000000000000000000000        0.997269680000000000000000000000000041         4.50000000000000000000000000000000000         2.88417263135134514473660817939112167         2.87179989980632397569724840371889897         7822.07364627992191411184025394310390         18731.5088881850135635607475595879061      
   23.8168555197626293658587845572158158         0.00000000000000000000000000000000000        0.500000000000000000000000000000000000        0.337684070105672578851229228067481528        0.162315929894327421148770771932518472         1000.00000000000000000000000000000000        0.997269680000000000000000000000000041         4.50000000000000000000000000000000000         2.90928348713004888702730796880459364         2.89726897054714839669452270927652086         8301.20691825655645227451508810295197         19220.3259810780679601302478646673219      
   24.9450813523042636110632071495682141         0.00000000000000000000000000000000000        0.500000000000000000000000000000000000        0.337684070105672578851229228067481528        0.162315929894327421148770771932518472         1000.00000000000000000000000000000000        0.997269680000000000000000000000000041         4.50000000000000000000000000000000000         2.93451769320981395850978366500024330         2.92285238184756096051702097042705269         8811.93053962079718838898648526744525         19726.6860261008162039560226879862670      
   26.1267522556344429096957856567219458         0.00000000000000000000000000000000000        0.500000000000000000000000000000000000        0.337684070105672578851229228067481528        0.162315929894327421148770771932518472         1000.00000000000000000000000000000000        0.997269680000000000000000000000000041         4.50000000000000000000000000000000000         2.95986854639670974371048580134676249         2.94854247412422892863903596558978057         9356.46826597326878367262973123503434         20250.7652360652550956126733810100420      
   27.3643999707479270007413801432196356         0.00000000000000000000000000000000000        0.500000000000000000000000000000000000        0.337684070105672578851229228067481528        0.162315929894327421148770771932518472         1000.00000000000000000000000000000000        0.997269680000000000000000000000000041         4.50000000000000000000000000000000000         2.98532915423289289583761438302550654         2.97433461845053242603994039042844244         9937.18730041214244759619145759774336         20793.6066345290164189843321166344059      
   28.6606761694837981427111233968978527         0.00000000000000000000000000000000000        0.500000000000000000000000000000000000        0.337684070105672578851229228067481528        0.162315929894327421148770771932518472         1000.00000000000000000000000000000000        0.997269680000000000000000000000000041         4.50000000000000000000000000000000000         3.01089157892959391410915198644952900         3.00021916806832657797429691756681841         10556.6589604707276146258212413958054         21354.7017397702134255942531867759560      
   30.0183581357572497063742795553511495         0.00000000000000000000000000000000000        0.500000000000000000000000000000000000        0.337684070105672578851229228067481528        0.162315929894327421148770771932518472         1000.00000000000000000000000000000000        0.997269680000000000000000000000000041         4.50000000000000000000000000000000000         3.03654972766131761777573127722535078         3.02619118244219811992074461217672094         11217.5959062775580674258121469312699         21936.9974956367829683683929254170393      
   31.4403547159164261088988818749477531         0.00000000000000000000000000000000000        0.500000000000000000000000000000000000        0.337684070105672578851229228067481528        0.162315929894327421148770771932518472         1000.00000000000000000000000000000000        0.997269680000000000000000000000000041         4.50000000000000000000000000000000000         3.06229132154843943506308415658843381         3.05223907290294911227341974710721668         11923.0267289006572666675782461219998         22537.6233389876913296891512633400287      
   32.9297125509730094348267134385588767         0.00000000000000000000000000000000000        0.500000000000000000000000000000000000        0.337684070105672578851229228067481528        0.162315929894327421148770771932518472         1000.00000000000000000000000000000000        0.997269680000000000000000000000000041         4.50000000000000000000000000000000000         3.08811011292450977352196326138808349         3.07835383237347802123889343501114516         12676.0982457852418111607998715135916         23158.4168479018870658256305311157911      
   34.4896226040591652356324616013479640         0.00000000000000000000000000000000000        0.500000000000000000000000000000000000        0.337684070105672578851229228067481528        0.162315929894327421148770771932518472         1000.00000000000000000000000000000000        0.997269680000000000000000000000000041         4.50000000000000000000000000000000000         3.11399693000110894213195005223702896         3.10453130962106078310362638027577679         13480.2409809901093449377740957790163         23796.2793198697942193374803789401750      
   36.1234269970959852434556329432163891         0.00000000000000000000000000000000000        0.500000000000000000000000000000000000        0.337684070105672578851229228067481528        0.162315929894327421148770771932518472         1000.00000000000000000000000000000000        0.997269680000000000000000000000000041         4.50000000000000000000000000000000000         3.13994291522225455312808777319020647         3.13075865999442421992874618402136854         14339.1008474089173574926113563725204         24455.6406051139907588470292025194731      
   37.8346261713210532672152332780757538         0.00000000000000000000000000000000000        0.500000000000000000000000000000000000        0.337684070105672578851229228067481528        0.162315929894327421148770771932518472         1000.00000000000000000000000000000000        0.997269680000000000000000000000000041         4.50000000000000000000000000000000000         3.16593764823400120124358219776299029         3.15702729761466284762321688523370504         15256.6681446928830135975041301739334         25139.7369744639977837722523511994956      
   39.6268863870166317486167498635414547         0.00000000000000000000000000000000000        0.500000000000000000000000000000000000        0.337684070105672578851229228067481528        0.162315929894327421148770771932518472         1000.00000000000000000000000000000000        0.997269680000000000000000000000000041         4.50000000000000000000000000000000000         3.19197075829481496775208708062500327         3.18319256535415572738452676851027125         16237.2049149570562075215661952906881         25850.3432596025225323674509069623953      
   41.5040475785067069671132337416860269         0.00000000000000000000000000000000000        0.500000000000000000000000000000000000        0.337684070105672578851229228067481528        0.162315929894327421148770771932518472         1000.00000000000000000000000000000000        0.997269680000000000000000000000000041         4.50000000000000000000000000000000000         3.21803090705216972300393485830021364         3.20951598812759720632831137277208951         17285.3917928558721498219118736495969         26576.8743116402216597640530545938547      
   43.4701315812522977450502814228557596         0.00000000000000000000000000000000000        0.500000000000000000000000000000000000        0.337684070105672578851229228067481528        0.162315929894327421148770771932518472         1000.00000000000000000000000000000000        0.997269680000000000000000000000000041         4.50000000000000000000000000000000000         3.24410757080484242981449774162268673         3.23584830018838672455102758167449680         18406.1394530113856592416919741737478         27325.1436090168090964290650291551736      
   45.5293507486716565241505913849878156         0.00000000000000000000000000000000000        0.500000000000000000000000000000000000        0.337684070105672578851229228067481528        0.162315929894327421148770771932518472         1000.00000000000000000000000000000000        0.997269680000000000000000000000000041         4.50000000000000000000000000000000000         3.27018831726440169243999562989200488         3.26217887620265145287871828989189138         19605.7119344900035964352974987772749         28100.0234446473523228378154088482662      
   47.6861169771469809221183781797401387         0.00000000000000000000000000000000000        0.500000000000000000000000000000000000        0.337684070105672578851229228067481528        0.162315929894327421148770771932518472         1000.00000000000000000000000000000000        0.997269680000000000000000000000000041         4.50000000000000000000000000000000000         3.29626299530914909956773127587747841         3.28849588762741261271872978164378972         20888.0975536931491960876478575106840         28904.2757556546951100968004375911206      
   49.9450511585537973057412883106299450         0.00000000000000000000000000000000000        0.500000000000000000000000000000000000        0.337684070105672578851229228067481528        0.162315929894327421148770771932518472         1000.00000000000000000000000000000000        0.997269680000000000000000000000000041         4.50000000000000000000000000000000000         3.32231627145863271727224566571178423         3.31478575359393760205083156445199195         22260.5532249842967086502709688445530         29722.1774491673447439221372949705737      
   52.3109930805651492519346455020741169         0.00000000000000000000000000000000000        0.500000000000000000000000000000000000        0.337684070105672578851229228067481528        0.162315929894327421148770771932518472         1000.00000000000000000000000000000000        0.997269680000000000000000000000000041         4.50000000000000000000000000000000000         3.34833802215361688972912975166718631         3.34103833600407938356845829298612446         23729.6045641497987438138387640595024         30565.1815423581876429591914927817354      
   54.7890117959420854878872849816232285         0.00000000000000000000000000000000000        0.500000000000000000000000000000000000        0.337684070105672578851229228067481528        0.162315929894327421148770771932518472         1000.00000000000000000000000000000000        0.997269680000000000000000000000000041         4.50000000000000000000000000000000000         3.37431350049758171151255076623210292         3.36723745162093975100267084346008858         25302.5861972446896770352004725369095         31438.0177802983014579209364305195478      
   57.3844164830267494473134630390337038         0.00000000000000000000000000000000000        0.500000000000000000000000000000000000        0.337684070105672578851229228067481528        0.162315929894327421148770771932518472         1000.00000000000000000000000000000000        0.997269680000000000000000000000000041         4.50000000000000000000000000000000000         3.40022912804833611915325470956013073         3.39337157556130550181181822332479191         26987.3588459391940218928332473296380         32341.0226433670675239002458926544986      
   60.1027678207067787613836741752440859         0.00000000000000000000000000000000000        0.500000000000000000000000000000000000        0.337684070105672578851229228067481528        0.162315929894327421148770771932518472         1000.00000000000000000000000000000000        0.997269680000000000000000000000000041         4.50000000000000000000000000000000000         3.42606925069271848203388606222183880         3.41942408973484677297508295278569597         28792.6024181280262467058135791911483         33256.1971808029710406315784706269203      
   62.9498899022219826103145225233349426         0.00000000000000000000000000000000000        0.500000000000000000000000000000000000        0.337684070105672578851229228067481528        0.162315929894327421148770771932518472         1000.00000000000000000000000000000000        0.997269680000000000000000000000000041         4.50000000000000000000000000000000000         3.45182217628213561160590891493185431         3.44538411731553873544346324983661193         30727.2162809500884558205040853652928         34199.8910047452921104266581451354641      
   65.9318827133387394963924236784617628         0.00000000000000000000000000000000000        0.500000000000000000000000000000000000        0.337684070105672578851229228067481528        0.162315929894327421148770771932518472         1000.00000000000000000000000000000000        0.997269680000000000000000000000000041         4.50000000000000000000000000000000000         3.47747227615292755542281927651741498         3.47123590850618011321132400289735371         32801.2158415539269538751418076616261         35175.5277112437188935458654538851259      
   69.0551352016267211341221719941803480         0.00000000000000000000000000000000000        0.500000000000000000000000000000000000        0.337684070105672578851229228067481528        0.162315929894327421148770771932518472         1000.00000000000000000000000000000000        0.997269680000000000000000000000000041         4.50000000000000000000000000000000000         3.50300485212898940752680970596634306         3.49696554089436627513731571483380068         35025.6770172727330095661178620632028         36181.9584693908333304762934777355833      
   72.3263389648389904315881138559222429         0.00000000000000000000000000000000000        0.500000000000000000000000000000000000        0.337684070105672578851229228067481528        0.162315929894327421148770771932518472         1000.00000000000000000000000000000000        0.997269680000000000000000000000000041         4.50000000000000000000000000000000000         3.52839994076717546464745650238213214         3.52255125176243716237007263788277185         37411.8002388131183093392687264357796         37200.7060900554636331660425759075927      
   75.7525025877229563234538363456045364         0.00000000000000000000000000000000000        0.500000000000000000000000000000000000        0.337684070105672578851229228067481528        0.162315929894327421148770771932518472         1000.00000000000000000000000000000000        0.997269680000000000000000000000000041         4.50000000000000000000000000000000000         3.55364778536388683971349754428602864         3.54798538380016147693291894191231181         39972.0471432538115867843110810372236         38249.5021405497839497164129287528582      
   79.3409666579789374092779396113335383         0.00000000000000000000000000000000000        0.500000000000000000000000000000000000        0.337684070105672578851229228067481528        0.162315929894327421148770771932518472         1000.00000000000000000000000000000000        0.997269680000000000000000000000000041         4.50000000000000000000000000000000000         3.57872986972078417438510097849098167         3.57324860271330973980199984485535963         42720.5697890764320288738885128558782         39332.4182166085492347115856391913722      
   83.0994194935381664732668516345784739         0.00000000000000000000000000000000000        0.500000000000000000000000000000000000        0.337684070105672578851229228067481528        0.162315929894327421148770771932518472         1000.00000000000000000000000000000000        0.997269680000000000000000000000000041         4.50000000000000000000000000000000000         3.60362919610739535517666060114884294         3.59832444472565881450499365110503395         45672.0951268715302036133738103846480         40449.0275775845458818051235465465952      
   87.0359136148560765360321240320169501         0.00000000000000000000000000000000000        0.500000000000000000000000000000000000        0.337684070105672578851229228067481528        0.162315929894327421148770771932518472         1000.00000000000000000000000000000000        0.997269680000000000000000000000000041         4.50000000000000000000000000000000000         3.62832913628375995604672554955719973         3.62319615999170097943700651776665617         48842.7627692089553978122816376551646         41575.9714084351261594904962014546699      
   91.1588829975129113180355582295095585         0.00000000000000000000000000000000000        0.500000000000000000000000000000000000        0.337684070105672578851229228067481528        0.162315929894327421148770771932518472         1000.00000000000000000000000000000000        0.997269680000000000000000000000000041         4.50000000000000000000000000000000000         3.65281455478219479504665008488540629         3.64784891847080895692745169114690812         52248.9482264019672956929492038410277         42734.3964630186669366021583111907394      
   95.4771611420855187564395181622441053         0.00000000000000000000000000000000000        0.500000000000000000000000000000000000        0.337684070105672578851229228067481528        0.162315929894327421148770771932518472         1000.00000000000000000000000000000000        0.997269680000000000000000000000000041         4.50000000000000000000000000000000000         3.67707254074949134398877376602897635         3.67226965371969397342363190146019560         55913.1716413274268714100648998362648         43467.1834882407233253553356039841290      
   100.000000000005197392984105217599543         0.00000000000000000000000000000000000        0.500000000000000000000000000000000000        0.337684070105672578851229228067481528        0.162315929894327421148770771932518472         1000.00000000000000000000000000000000        0.997269680000000000000000000000000041         4.50000000000000000000000000000000000         3.70154386665339536282750043997929824         3.69689845864872905458776171112517490         59778.9276399590402593225902320679519         43372.4685733040402006021358622271597      
