 mass envelope_frac water_frac mantle_frac core_frac T_eq period age radius transit_radius inner_pressure inner_temperature
  0.977124153534675033397991232687960264         0.00000000000000000000000000000000000        0.500000000000000000000000000000000000        0.337684070105672578851229228067481528       -0.175368140211345157702458456134963056         700.000000000000000000000000000000000        0.997269680000000000000000000000000041         4.50000000000000000000000000000000000         1.51489537205748757923138855568078204         1.47776168440842976395890718297604948         239.459817735871355881066915104845271         5000.00083879916932923252222402092942      
   1.02341140210547988401757228923722065         0.00000000000000000000000000000000000        0.500000000000000000000000000000000000        0.337684070105672578851229228067481528       -0.175368140211345157702458456134963056         700.000000000000000000000000000000000        0.997269680000000000000000000000000041         4.50000000000000000000000000000000000         1.52592004745084049295990663355793781         1.48973486423785101341425133921992731         250.079845699008044907811358709087691         5081.71665113273007761183169995746680      
   1.07189131920515601980676290596541418         0.00000000000000000000000000000000000        0.500000000000000000000000000000000000        0.337684070105672578851229228067481528       -0.175368140211345157702458456134963056         700.000000000000000000000000000000000        0.997269680000000000000000000000000041         4.50000000000000000000000000000000000         1.53727707905421137068598701258508251         1.50221560405700460337835239499595381         261.211993893564242524263020616166809         5165.07615032397877266551382580598939      
   1.12266777351084349932308213365971722         0.00000000000000000000000000000000000        0.500000000000000000000000000000000000        0.337684070105672578851229228067481528       -0.175368140211345157702458456134963056         700.000000000000000000000000000000000        0.997269680000000000000000000000000041         4.50000000000000000000000000000000000         1.54895983459271176117230977506412084         1.51487943524445667658795971170092236         272.891960829105489096696283678823453         5250.17616654924332542312572189224125      
   1.17584955405218836587405952039268318         0.00000000000000000000000000000000000        0.500000000000000000000000000000000000        0.337684070105672578851229228067481528       -0.175368140211345157702458456134963056         700.000000000000000000000000000000000        0.997269680000000000000000000000000041         4.50000000000000000000000000000000000         1.56097373833581338323446223735921090         1.52779632877662784947467074443835792         285.159548181425881761923804591033579         5337.14222391780548531061475096019517      
   1.23155060329285913304393922610526752         0.00000000000000000000000000000000000        0.500000000000000000000000000000000000        0.337684070105672578851229228067481528       -0.175368140211345157702458456134963056         700.000000000000000000000000000000000        0.997269680000000000000000000000000041         4.50000000000000000000000000000000000         1.57329898625878370876558283877257457         1.54145824736964374532854993470850889         298.071418662241892367615000978664571         5426.13069711219342051184569291674258      
   1.28989026125334400389008600428654072         0.00000000000000000000000000000000000        0.500000000000000000000000000000000000        0.337684070105672578851229228067481528       -0.175368140211345157702458456134963056         700.000000000000000000000000000000000        0.997269680000000000000000000000000041         4.50000000000000000000000000000000000         1.58581258763711714675628599667084197         1.55460840769638125550159553514048561         311.931857522803693088335166235981028         5518.79315826882384744400479000951139      
   1.35099352119806420678539952158028216         0.00000000000000000000000000000000000        0.500000000000000000000000000000000000        0.337684070105672578851229228067481528       -0.175368140211345157702458456134963056         700.000000000000000000000000000000000        0.997269680000000000000000000000000041         4.50000000000000000000000000000000000         1.59855310535714010584124048862177695         1.56820418833946565093098498425732821         329.690062905685647432468955731956304         5643.81540787103056938522616807983855      
   1.41499129743461548663919584700832116         0.00000000000000000000000000000000000        0.500000000000000000000000000000000000        0.337684070105672578851229228067481528       -0.175368140211345157702458456134963056         700.000000000000000000000000000000000        0.997269680000000000000000000000000041         4.50000000000000000000000000000000000         1.61154362197539218833012751193058847         1.58201633182351657596234054028453119         347.784003020005636818209315286689282         5764.87391479219434915409282742455145      
   1.48202070579890013841676841137265918         0.00000000000000000000000000000000000        0.500000000000000000000000000000000000        0.337684070105672578851229228067481528       -0.175368140211345157702458456134963056         700.000000000000000000000000000000000        0.997269680000000000000000000000000041         4.50000000000000000000000000000000000         1.62476976696795532641060285769684712         1.59603583672620135386427627374482220         366.904650737925546770863041365433719         5888.67068692105930072288062886238935      
   1.55222535742709160936160846888458776         0.00000000000000000000000000000000000        0.500000000000000000000000000000000000        0.337684070105672578851229228067481528       -0.175368140211345157702458456134963056         700.000000000000000000000000000000000        0.997269680000000000000000000000000041         4.50000000000000000000000000000000000         1.63826215146655770517274863919428502         1.61029263595085735375101206465332998         386.659451084495075893780656945472607         6010.88595409931852372778307238873335      
   1.62575566644384085973659301860212051         0.00000000000000000000000000000000000        0.500000000000000000000000000000000000        0.337684070105672578851229228067481528       -0.175368140211345157702458456134963056         700.000000000000000000000000000000000        0.997269680000000000000000000000000041         4.50000000000000000000000000000000000         1.65202292289791165697167520737784470         1.62487636075011315456366717642180235         407.138216880944239738798517850992549         6132.04660801026587915333951112469846      
   1.70276917222594935040597643772334275         0.00000000000000000000000000000000000        0.500000000000000000000000000000000000        0.337684070105672578851229228067481528       -0.175368140211345157702458456134963056         700.000000000000000000000000000000000        0.997269680000000000000000000000000041         4.50000000000000000000000000000000000         1.66605271442662991084894979750176866         1.64019773839583007398684291718646495         428.353513660172187325453578409156048         6253.36765233232423369477133972786343      
   1.78343087693196159954962751479630605         0.00000000000000000000000000000000000        0.500000000000000000000000000000000000        0.337684070105672578851229228067481528       -0.175368140211345157702458456134963056         700.000000000000000000000000000000000        0.997269680000000000000000000000000041         4.50000000000000000000000000000000000         1.68055441097318707891443167652571596         1.65472832167391499503191245722575024         448.924547734851015808554189590150000         6402.65201892000195780595957534354167      
   1.86791359902083762667604333648365787         0.00000000000000000000000000000000000        0.500000000000000000000000000000000000        0.337684070105672578851229228067481528       -0.175368140211345157702458456134963056         700.000000000000000000000000000000000        0.997269680000000000000000000000000041         4.50000000000000000000000000000000000         1.69529811311191543474964806992494548         1.67030783815061904776809078931119382         470.604277152965722387652899490847631         6555.41885657092223789108201651220452      
   1.95639834351712235574086149449056598         0.00000000000000000000000000000000000        0.500000000000000000000000000000000000        0.337684070105672578851229228067481528       -0.175368140211345157702458456134963056         700.000000000000000000000000000000000        0.997269680000000000000000000000000041         4.50000000000000000000000000000000000         1.71027986526461406827510384223451752         1.68580209589928357606257270502936072         493.432779907966814596799394825369789         6711.46417646021816156137602175426532      
   2.04907468981590857599889354382844297         0.00000000000000000000000000000000000        0.500000000000000000000000000000000000        0.337684070105672578851229228067481528       -0.175368140211345157702458456134963056         700.000000000000000000000000000000000        0.997269680000000000000000000000000041         4.50000000000000000000000000000000000         1.72549418567158152523715706246512560         1.70178431987211979292558805906257707         517.488036556410930781135060829106012         6870.81900584549984352678597539861966      
   2.14614119785846923144288932206752821         0.00000000000000000000000000000000000        0.500000000000000000000000000000000000        0.337684070105672578851229228067481528       -0.175368140211345157702458456134963056         700.000000000000000000000000000000000        0.997269680000000000000000000000000041         4.50000000000000000000000000000000000         1.74093611172587271710334482342774529         1.71786035272486585741901756162069287         542.833753667114620253370959935093098         7033.30651807274379016016430163664301      
   2.24780583354879414104030832593962274         0.00000000000000000000000000000000000        0.500000000000000000000000000000000000        0.337684070105672578851229228067481528       -0.175368140211345157702458456134963056         700.000000000000000000000000000000000        0.997269680000000000000000000000000041         4.50000000000000000000000000000000000         1.75660657080254185008792125905472879         1.73402606177312378122402689283926458         569.526647755933871259098234836339042         7198.76014643644280776892608765937914      
   2.35428641432249007020695607335824657         0.00000000000000000000000000000000000        0.500000000000000000000000000000000000        0.337684070105672578851229228067481528       -0.175368140211345157702458456134963056         700.000000000000000000000000000000000        0.997269680000000000000000000000000041         4.50000000000000000000000000000000000         1.77250036521568529013238906734481878         1.75058382902032724641524340399812346         597.638111179582187082315919366793080         7367.06123440310207464129961978689854      
   2.46581107582267970147068279155487439         0.00000000000000000000000000000000000        0.500000000000000000000000000000000000        0.337684070105672578851229228067481528       -0.175368140211345157702458456134963056         700.000000000000000000000000000000000        0.997269680000000000000000000000000041         4.50000000000000000000000000000000000         1.78861481978862766192194165390240858         1.76717054945751139275332215845181717         627.247109745520370081650316352541672         7538.11154251987898950229761524048245      
   2.58261876068275699540889612963339913         0.00000000000000000000000000000000000        0.500000000000000000000000000000000000        0.337684070105672578851229228067481528       -0.175368140211345157702458456134963056         700.000000000000000000000000000000000        0.997269680000000000000000000000000041         4.50000000000000000000000000000000000         1.80494763405055233760433045943822470         1.78414748198494569244536275082678027         658.435259459240031325105338663247861         7711.83204624331452618102382230638058      
   2.70495973046322058012775948376762777         0.00000000000000000000000000000000000        0.500000000000000000000000000000000000        0.337684070105672578851229228067481528       -0.175368140211345157702458456134963056         700.000000000000000000000000000000000        0.997269680000000000000000000000000041         4.50000000000000000000000000000000000         1.82149544784140819584786654390276605         1.80133772885733540731349412783804012         691.292018187101720385810053160505600         7888.05146191921768999214758367587586      
   2.83309610183941463691826271807341983         0.00000000000000000000000000000000000        0.500000000000000000000000000000000000        0.337684070105672578851229228067481528       -0.175368140211345157702458456134963056         700.000000000000000000000000000000000        0.997269680000000000000000000000000041         4.50000000000000000000000000000000000         1.83825546102690086779635572663078335         1.81847971075311979695546917904572547         725.911933567421501925005951827811673         8066.68835236323207925154865973431954      
   2.96730240818896454651461614421851563         0.00000000000000000000000000000000000        0.500000000000000000000000000000000000        0.337684070105672578851229228067481528       -0.175368140211345157702458456134963056         700.000000000000000000000000000000000        0.997269680000000000000000000000000041         4.50000000000000000000000000000000000         1.85522565048689327347912500535134514         1.83601313603091805707892543641647788         762.395366800722699345042078971808446         8247.62614074630418482969854788337796      
   3.10786618778211364466063213094136699         0.00000000000000000000000000000000000        0.500000000000000000000000000000000000        0.337684070105672578851229228067481528       -0.175368140211345157702458456134963056         700.000000000000000000000000000000000        0.997269680000000000000000000000000041         4.50000000000000000000000000000000000         1.87251930451683178069986505754552461         1.85381670778821060887588142849474334         800.476493035184702651916057511166528         8375.93774934508877946892453118392514      
   3.25508859983516440085845691551799553         0.00000000000000000000000000000000000        0.500000000000000000000000000000000000        0.337684070105672578851229228067481528       -0.175368140211345157702458456134963056         700.000000000000000000000000000000000        0.997269680000000000000000000000000041         4.50000000000000000000000000000000000         1.89003144267136044797529946802103204         1.87179955811282795377195217021615604         840.615757664398983928477936121836955         8487.86882292907839652430831676330941      
   3.40928506974692429676371810701270237         0.00000000000000000000000000000000000        0.500000000000000000000000000000000000        0.337684070105672578851229228067481528       -0.175368140211345157702458456134963056         700.000000000000000000000000000000000        0.997269680000000000000000000000000041         4.50000000000000000000000000000000000         1.90773670688900194630677084063128939         1.88991254350993054253503753433240096         883.047548279061340845066160912596863         8601.39734841901033391930344144702639      
   3.57078596490058154200418219794212579         0.00000000000000000000000000000000000        0.500000000000000000000000000000000000        0.337684070105672578851229228067481528       -0.175368140211345157702458456134963056         700.000000000000000000000000000000000        0.997269680000000000000000000000000041         4.50000000000000000000000000000000000         1.92558061697590685896935444801477284         1.90814404246929966991119534862281096         928.165105867068661151796735456249595         8716.92362922294887130024177282500090      
   3.73993730247892248533723346676967991         0.00000000000000000000000000000000000        0.500000000000000000000000000000000000        0.337684070105672578851229228067481528       -0.175368140211345157702458456134963056         700.000000000000000000000000000000000        0.997269680000000000000000000000000041         4.50000000000000000000000000000000000         1.94362870396103575608374035932120360         1.92664752463374558935334077449688436         975.759588291687279523888221187144470         8833.88366802630953494874241283364022      
   3.91710149080939146393706924636129076         0.00000000000000000000000000000000000        0.500000000000000000000000000000000000        0.337684070105672578851229228067481528       -0.175368140211345157702458456134963056         700.000000000000000000000000000000000        0.997269680000000000000000000000000041         4.50000000000000000000000000000000000         1.96187751452404855484398514885885925         1.94540423689705917803028348857452091         1025.98438084776468843218363314977478         8952.29059765817344736511445319756831      
   4.10265810582733183554468384630866708         0.00000000000000000000000000000000000        0.500000000000000000000000000000000000        0.337684070105672578851229228067481528       -0.175368140211345157702458456134963056         700.000000000000000000000000000000000        0.997269680000000000000000000000000041         4.50000000000000000000000000000000000         1.98046524308614778905490526713752412         1.96430763481433515811675233396582942         1078.82328050708557203648854583185630         9071.83180433194745667450790337538093      
   4.29700470432098797081550436783669861         0.00000000000000000000000000000000000        0.500000000000000000000000000000000000        0.337684070105672578851229228067481528       -0.175368140211345157702458456134963056         700.000000000000000000000000000000000        0.997269680000000000000000000000000041         4.50000000000000000000000000000000000         1.99938390763255620718903847537684149         1.98371950477931453566968493892195753         1134.51120654848544795533719046077349         9192.76741933937484680654712805594536      
   4.50055767570065325107907567564988206         0.00000000000000000000000000000000000        0.500000000000000000000000000000000000        0.337684070105672578851229228067481528       -0.175368140211345157702458456134963056         700.000000000000000000000000000000000        0.997269680000000000000000000000000041         4.50000000000000000000000000000000000         2.01849852086484372415314131538458161         2.00310086193444195593390360099221238         1193.35192570671108117630806143229193         9315.27871515548961591685652713664255      
   4.71375313411688746090811432995346639         0.00000000000000000000000000000000000        0.500000000000000000000000000000000000        0.337684070105672578851229228067481528       -0.175368140211345157702458456134963056         700.000000000000000000000000000000000        0.997269680000000000000000000000000041         4.50000000000000000000000000000000000         2.03780617179278231505625259338574867         2.02292073543242427802913141649136061         1255.54102306874467020429228585493332         9439.37400276374789198765852892806025      
   4.93704785283917522455720499133271388         0.00000000000000000000000000000000000        0.500000000000000000000000000000000000        0.337684070105672578851229228067481528       -0.175368140211345157702458456134963056         700.000000000000000000000000000000000        0.997269680000000000000000000000000041         4.50000000000000000000000000000000000         2.05730114864036211198801295502111360         2.04272592920688052082655135731887754         1321.37129029234071184289864329147185         9565.30870561509375065402140857403507      
   5.17092024289694052668163232095138689         0.00000000000000000000000000000000000        0.500000000000000000000000000000000000        0.337684070105672578851229228067481528       -0.175368140211345157702458456134963056         700.000000000000000000000000000000000        0.997269680000000000000000000000000041         4.50000000000000000000000000000000000         2.07698694747932475292215535244341137         2.06277609791991419546054558725176885         1390.92287020709304477688215588304922         9692.73424583747342206145783922363801      
   5.41587137807966487084961468635563235         0.00000000000000000000000000000000000        0.500000000000000000000000000000000000        0.337684070105672578851229228067481528       -0.175368140211345157702458456134963056         700.000000000000000000000000000000000        0.997269680000000000000000000000000041         4.50000000000000000000000000000000000         2.09691437983373237819391299628764859         2.08304362077171373575055768784658124         1464.30611084552469081247344938351093         9821.61295703296868703620045336671493      
   5.67242606849218144376540893055636070         0.00000000000000000000000000000000000        0.500000000000000000000000000000000000        0.337684070105672578851229228067481528       -0.175368140211345157702458456134963056         700.000000000000000000000000000000000        0.997269680000000000000000000000000041         4.50000000000000000000000000000000000         2.11704416456712335163677760963616086         2.10353651584220518221180590397404891         1541.88831725504242527068044903447839         9952.15162771536419131338151694887243      
   5.94113398496524757317294119695305884         0.00000000000000000000000000000000000        0.500000000000000000000000000000000000        0.337684070105672578851229228067481528       -0.175368140211345157702458456134963056         700.000000000000000000000000000000000        0.997269680000000000000000000000000041         4.50000000000000000000000000000000000         2.13735433127054506852110564838682889         2.12463010906690728908703786452291953         1624.00623576061835367561233729372451         10084.4798202491595408431586274554148      
   6.22257083673045567818932634861224246         0.00000000000000000000000000000000000        0.500000000000000000000000000000000000        0.337684070105672578851229228067481528       -0.175368140211345157702458456134963056         700.000000000000000000000000000000000        0.997269680000000000000000000000000041         4.50000000000000000000000000000000000         2.15784467360326060040841745744709736         2.14519163211781452633998735158153930         1710.95427276374999059205625775728953         10218.6452721076149815178883834359012      
   6.51733960488266225567076642791935208         0.00000000000000000000000000000000000        0.500000000000000000000000000000000000        0.337684070105672578851229228067481528       -0.175368140211345157702458456134963056         700.000000000000000000000000000000000        0.997269680000000000000000000000000041         4.50000000000000000000000000000000000         2.17851367616163883331676057781931451         2.16593237264787652560302988339907755         1803.03857998026879733722777383276315         10354.6948174380254839079213170617736      
   6.82607183427263972690668329495824292         0.00000000000000000000000000000000000        0.500000000000000000000000000000000000        0.337684070105672578851229228067481528       -0.175368140211345157702458456134963056         700.000000000000000000000000000000000        0.997269680000000000000000000000000041         4.50000000000000000000000000000000000         2.19936006897211538223517653167727430         2.18715380021261165688444779926597279         1900.54549695803964456693956340216230         10492.6324623747861832123079495709091      
   7.14942898659784326950660524938800231         0.00000000000000000000000000000000000        0.500000000000000000000000000000000000        0.337684070105672578851229228067481528       -0.175368140211345157702458456134963056         700.000000000000000000000000000000000        0.997269680000000000000000000000000041         4.50000000000000000000000000000000000         2.22038127605431804632823775030779993         2.20838653994831718899320593240322794         2003.82321372155471240064417095598265         10632.4987419782086436124751927637099      
   7.48810385759030229475404929283587874         0.00000000000000000000000000000000000        0.500000000000000000000000000000000000        0.337684070105672578851229228067481528       -0.175368140211345157702458456134963056         700.000000000000000000000000000000000        0.997269680000000000000000000000000041         4.50000000000000000000000000000000000         2.24157393820725104748047385733556951         2.22997925599035545681857206300333230         2113.26234903393822914112058556139080         10774.3732527123530304095746585655803      
   7.84282206133797492150195102086104320         0.00000000000000000000000000000000000        0.500000000000000000000000000000000000        0.337684070105672578851229228067481528       -0.175368140211345157702458456134963056         700.000000000000000000000000000000000        0.997269680000000000000000000000000041         4.50000000000000000000000000000000000         2.26293484776906451887118187459176069         2.25157457462142502408338023686133698         2229.27569843325231555554062685352526         10918.3307540517332622744245263402243      
   8.21434358491973787188331079880935809         0.00000000000000000000000000000000000        0.500000000000000000000000000000000000        0.337684070105672578851229228067481528       -0.175368140211345157702458456134963056         700.000000000000000000000000000000000        0.997269680000000000000000000000000041         4.50000000000000000000000000000000000         2.28446668050465727853806501578226613         2.27346765952818856408793056903984997         2352.23657860166500270298865991476606         11064.3765682127097706094615193380333      
   8.60346441668483183756181982790961157         0.00000000000000000000000000000000000        0.500000000000000000000000000000000000        0.337684070105672578851229228067481528       -0.175368140211345157702458456134963056         700.000000000000000000000000000000000        0.997269680000000000000000000000000041         4.50000000000000000000000000000000000         2.30616905873327382874993395371327956         2.29546520129437027829041223776404133         2482.59389798215452735404529491456332         11212.5738321333171731924162612076618      
   9.01101825166536630189666009569239489         0.00000000000000000000000000000000000        0.500000000000000000000000000000000000        0.337684070105672578851229228067481528       -0.175368140211345157702458456134963056         700.000000000000000000000000000000000        0.997269680000000000000000000000000041         4.50000000000000000000000000000000000         2.32801870386697033842756890985709327         2.31748022537815484941112446188216097         2620.95753538286934431176993476976373         11363.0977167716636461640371659577343      
   9.43787827777574610680776305101093867         0.00000000000000000000000000000000000        0.500000000000000000000000000000000000        0.337684070105672578851229228067481528       -0.175368140211345157702458456134963056         700.000000000000000000000000000000000        0.997269680000000000000000000000000041         4.50000000000000000000000000000000000         2.35000753808234274898330609385366025         2.33967109803045228728331960001434750         2767.91961200621256917165304790703647         11516.1039891265973725008974077495701      
   9.88495904662596879076778864032827051         0.00000000000000000000000000000000000        0.500000000000000000000000000000000000        0.337684070105672578851229228067481528       -0.175368140211345157702458456134963056         700.000000000000000000000000000000000        0.997269680000000000000000000000000041         4.50000000000000000000000000000000000         2.37226749156534788171361698519579359         2.36233854769586150679396698846741084         2923.59155323365781059629375418356924         11671.2483419703980379192341716702519      
   10.3532184329570277361739405380354267         0.00000000000000000000000000000000000        0.500000000000000000000000000000000000        0.337684070105672578851229228067481528       -0.175368140211345157702458456134963056         700.000000000000000000000000000000000        0.997269680000000000000000000000000041         4.50000000000000000000000000000000000         2.39471484064119355807400652088239954         2.38483479886291658407767425200773944         3088.77596953680191756126439207451415         11828.8123048102256798689647277194102      
   10.8436596868965298573473131194133672         0.00000000000000000000000000000000000        0.500000000000000000000000000000000000        0.337684070105672578851229228067481528       -0.175368140211345157702458456134963056         700.000000000000000000000000000000000        0.997269680000000000000000000000000041         4.50000000000000000000000000000000000         2.41732533174834398126186959604120589         2.40768650985174481771123638676579919         3264.12802033206237322174032734044033         11988.9019737535353212674745558627194      
   11.3573335834315047407380755747457535         0.00000000000000000000000000000000000        0.500000000000000000000000000000000000        0.337684070105672578851229228067481528       -0.175368140211345157702458456134963056         700.000000000000000000000000000000000        0.997269680000000000000000000000000041         4.50000000000000000000000000000000000         2.44010066020612973101510409228437402         2.43071007979973935008710735531267624         3450.30161446949795744630378923982419         12151.5901782309951591682416713706633      
   11.8953406737036708935232311939754483         0.00000000000000000000000000000000000        0.500000000000000000000000000000000000        0.337684070105672578851229228067481528       -0.175368140211345157702458456134963056         700.000000000000000000000000000000000        0.997269680000000000000000000000000041         4.50000000000000000000000000000000000         2.46304011340334850096058055417027422         2.45399834346205045387656304535917816         3648.01981291368479599328753675387462         12316.9678345686685550582007103726026      
   12.4588336429505803262590704440291315         0.00000000000000000000000000000000000        0.500000000000000000000000000000000000        0.337684070105672578851229228067481528       -0.175368140211345157702458456134963056         700.000000000000000000000000000000000        0.997269680000000000000000000000000041         4.50000000000000000000000000000000000         2.48614674457921020513479313248803706         2.47718739896593426327072951876548170         3858.00355950570902713748313836777362         12485.0992604567247073696409859510454      
   13.0490197801445524899467209692621793         0.00000000000000000000000000000000000        0.500000000000000000000000000000000000        0.337684070105672578851229228067481528       -0.175368140211345157702458456134963056         700.000000000000000000000000000000000        0.997269680000000000000000000000000041         4.50000000000000000000000000000000000         2.50942017593932151196225527551421018         2.50067464431315361032231163091399666         4081.08162474219113813064399960686291         12656.0919533560661612755523397648549      
   13.6671635646206221493148154813537214         0.00000000000000000000000000000000000        0.500000000000000000000000000000000000        0.337684070105672578851229228067481528       -0.175368140211345157702458456134963056         700.000000000000000000000000000000000        0.997269680000000000000000000000000041         4.50000000000000000000000000000000000         2.53286369667174627787430504069089658         2.52450084324641115180372983996002972         4318.07001207348226613330986750460453         12830.0032394929119348465935318450177      
   14.3145893752353758338684692231306029         0.00000000000000000000000000000000000        0.500000000000000000000000000000000000        0.337684070105672578851229228067481528       -0.175368140211345157702458456134963056         700.000000000000000000000000000000000        0.997269680000000000000000000000000041         4.50000000000000000000000000000000000         2.55647023420182871493585352029418269         2.54827392076888229966840897200619261         4569.93395263717846595988849711555128         13006.9682760653183434878985689514320      
   14.9926843278610750864026478869771275         0.00000000000000000000000000000000000        0.500000000000000000000000000000000000        0.337684070105672578851229228067481528       -0.175368140211345157702458456134963056         700.000000000000000000000000000000000        0.997269680000000000000000000000000041         4.50000000000000000000000000000000000         2.58008451404744332834531245994185671         2.57208595386010758244521964119967550         4840.86975357524864803823060262339841         13189.2319227905776781140896635206143      
   15.7029012472944242844593367399923914         0.00000000000000000000000000000000000        0.500000000000000000000000000000000000        0.337684070105672578851229228067481528       -0.175368140211345157702458456134963056         700.000000000000000000000000000000000        0.997269680000000000000000000000000041         4.50000000000000000000000000000000000         2.60362230373156919319030212618791598         2.59569673738301206176050168641007543         5133.70637271351894734919839198947637         13377.8629962360243581874287292545099      
   16.4467617799473254470491446022305387         0.00000000000000000000000000000000000        0.500000000000000000000000000000000000        0.337684070105672578851229228067481528       -0.175368140211345157702458456134963056         700.000000000000000000000000000000000        0.997269680000000000000000000000000041         4.50000000000000000000000000000000000         2.62727320613562939301601708461618275         2.61957603779891689110008895008363835         5445.62671104470408887602825864278473         13570.2360736071226852659847986837763      
   17.2258596539885891666448939958271182         0.00000000000000000000000000000000000        0.500000000000000000000000000000000000        0.337684070105672578851229228067481528       -0.175368140211345157702458456134963056         700.000000000000000000000000000000000        0.997269680000000000000000000000000041         4.50000000000000000000000000000000000         2.65163766699662483773306289061199711         2.64411788848020648772521547825604335         5762.30081533536780814687890968202394         13860.3478119695487493699107284863172      
   18.0418640939214858630807661830989717         0.00000000000000000000000000000000000        0.500000000000000000000000000000000000        0.337684070105672578851229228067481528       -0.175368140211345157702458456134963056         700.000000000000000000000000000000000        0.997269680000000000000000000000000041         4.50000000000000000000000000000000000         2.67650275200068942466306008774073722         2.66928540976508695648560189774877427         6091.13237605609325023778968663031880         14210.6512109992640771548040765039710      
   18.8965233969129017925278720876753030         0.00000000000000000000000000000000000        0.500000000000000000000000000000000000        0.337684070105672578851229228067481528       -0.175368140211345157702458456134963056         700.000000000000000000000000000000000        0.997269680000000000000000000000000041         4.50000000000000000000000000000000000         2.70153901634164651176675160750083518         2.69455559251133123374077619309334664         6441.60530819166749783017312449614522         14573.0924971413722295496661190099350      
   19.7916686785364185751762295282302534         0.00000000000000000000000000000000000        0.500000000000000000000000000000000000        0.337684070105672578851229228067481528       -0.175368140211345157702458456134963056         700.000000000000000000000000000000000        0.997269680000000000000000000000000041         4.50000000000000000000000000000000000         2.72675003061770807434741759609863441         2.71987914887390144049632062006734515         6814.97583740375688452442802959532365         14950.3973478935554175678745190079891      
   20.7292177959546059255378205487295255         0.00000000000000000000000000000000000        0.500000000000000000000000000000000000        0.337684070105672578851229228067481528       -0.175368140211345157702458456134963056         700.000000000000000000000000000000000        0.997269680000000000000000000000000041         4.50000000000000000000000000000000000         2.75214963352855641692407736560294239         2.74528919425084306383739757091011971         7212.44178475444600096476729881493068         15345.7972074161861640669332821597551      
   21.7111794569459824479971497798839502         0.00000000000000000000000000000000000        0.500000000000000000000000000000000000        0.337684070105672578851229228067481528       -0.175368140211345157702458456134963056         700.000000000000000000000000000000000        0.997269680000000000000000000000000041         4.50000000000000000000000000000000000         2.77773827034587830944210988053692389         2.77118594882535422445626900998256846         7635.52360503383409263828054756466515         15760.4137281148733945952768155435950      
   22.7396575235802733048359620889347810         0.00000000000000000000000000000000000        0.500000000000000000000000000000000000        0.337684070105672578851229228067481528       -0.175368140211345157702458456134963056         700.000000000000000000000000000000000        0.997269680000000000000000000000000041         4.50000000000000000000000000000000000         2.80347303590740159230019374456758331         2.79707779035959350620981442120037777         8086.72760082301697881039844105446274         16193.0129410009889850356129687129940      
   23.8168555197626293658587845572158158         0.00000000000000000000000000000000000        0.500000000000000000000000000000000000        0.337684070105672578851229228067481528       -0.175368140211345157702458456134963056         700.000000000000000000000000000000000        0.997269680000000000000000000000000041         4.50000000000000000000000000000000000         2.82936295210893355923594995897372859         2.82298321699591037444737396238890142         8567.62036228473941883368883367913574         16646.6223571362598514539125097455527      
   24.9450813523042636110632071495682141         0.00000000000000000000000000000000000        0.500000000000000000000000000000000000        0.337684070105672578851229228067481528       -0.175368140211345157702458456134963056         700.000000000000000000000000000000000        0.997269680000000000000000000000000041         4.50000000000000000000000000000000000         2.85543392740883704151629218049722183         2.84943428255957713062960498305269293         9079.48173812967016822397247227853678         17124.7276922404851865868343347354526      
   26.1267522556344429096957856567219458         0.00000000000000000000000000000000000        0.500000000000000000000000000000000000        0.337684070105672578851229228067481528       -0.175368140211345157702458456134963056         700.000000000000000000000000000000000        0.997269680000000000000000000000000041         4.50000000000000000000000000000000000         2.88162962008809163422648426034483396         2.87554415141684682151523238824719635         9625.78402553562720001307244569571506         17626.9184514482469211486210205827201      
   27.3643999707479270007413801432196356         0.00000000000000000000000000000000000        0.500000000000000000000000000000000000        0.337684070105672578851229228067481528       -0.175368140211345157702458456134963056         700.000000000000000000000000000000000        0.997269680000000000000000000000000041         4.50000000000000000000000000000000000         2.90796888120846128701976415618352541         2.90226313272101440530673623091297898         10208.7774380475929719625349783071646         18155.7153159459655069717845587386735      
   28.6606761694837981427111233968978527         0.00000000000000000000000000000000000        0.500000000000000000000000000000000000        0.337684070105672578851229228067481528       -0.175368140211345157702458456134963056         700.000000000000000000000000000000000        0.997269680000000000000000000000000041         4.50000000000000000000000000000000000         2.93446244370709491412405879867605511         2.92889906402781027508803761649150667         10829.7263012938454345622747412089290         18714.0503494965913628435847005330467      
   30.0183581357572497063742795553511495         0.00000000000000000000000000000000000        0.500000000000000000000000000000000000        0.337684070105672578851229228067481528       -0.175368140211345157702458456134963056         700.000000000000000000000000000000000        0.997269680000000000000000000000000041         4.50000000000000000000000000000000000         2.96107533965210925543034297165371792         2.95549301297509765549918679431212442         11492.3279406253782216919506835306294         19301.6640669051808037136903545406048      
   31.4403547159164261088988818749477531         0.00000000000000000000000000000000000        0.500000000000000000000000000000000000        0.337684070105672578851229228067481528       -0.175368140211345157702458456134963056         700.000000000000000000000000000000000        0.997269680000000000000000000000000041         4.50000000000000000000000000000000000         2.98782772664906502181091983831417870         2.98244043442875823409363062834165368         12199.0007504689132399379130322468353         19923.1242892500226537300758178719770      
   32.9297125509730094348267134385588767         0.00000000000000000000000000000000000        0.500000000000000000000000000000000000        0.337684070105672578851229228067481528       -0.175368140211345157702458456134963056         700.000000000000000000000000000000000        0.997269680000000000000000000000000041         4.50000000000000000000000000000000000         3.01469558390107937605900146250327348         3.00926753953207456286255355876815930         12953.0978426961541547112454215282056         20579.5178327314435335925271658802935      
   34.4896226040591652356324616013479640         0.00000000000000000000000000000000000        0.500000000000000000000000000000000000        0.337684070105672578851229228067481528       -0.175368140211345157702458456134963056         700.000000000000000000000000000000000        0.997269680000000000000000000000000041         4.50000000000000000000000000000000000         3.04168978210375069285961354310921353         3.03638204109499980430720664650786698         13757.6741915225671403941723219105996         21275.8807236967192947060373708589950      
   36.1234269970959852434556329432163891         0.00000000000000000000000000000000000        0.500000000000000000000000000000000000        0.337684070105672578851229228067481528       -0.175368140211345157702458456134963056         700.000000000000000000000000000000000        0.997269680000000000000000000000000041         4.50000000000000000000000000000000000         3.06879105574590380873994385071307477         3.06377808805902602326263080912137497         14616.4896016883285951186803122656099         22012.5807653844159377724724510203431      
   37.8346261713210532672152332780757538         0.00000000000000000000000000000000000        0.500000000000000000000000000000000000        0.337684070105672578851229228067481528       -0.175368140211345157702458456134963056         700.000000000000000000000000000000000        0.997269680000000000000000000000000041         4.50000000000000000000000000000000000         3.09600558774608684604241114176446981         3.09123135893841882123597799065844777         15533.1930142382831326646983363986969         22793.6662414374860287523119442389957      
   39.6268863870166317486167498635414547         0.00000000000000000000000000000000000        0.500000000000000000000000000000000000        0.337684070105672578851229228067481528       -0.175368140211345157702458456134963056         700.000000000000000000000000000000000        0.997269680000000000000000000000000041         4.50000000000000000000000000000000000         3.12285735921274718809745671674988277         3.11793207274798792746795428228242397         16519.6796892340070761042390810765184         23524.5792463384702399533149441211389      
   41.5040475785067069671132337416860269         0.00000000000000000000000000000000000        0.500000000000000000000000000000000000        0.337684070105672578851229228067481528       -0.175368140211345157702458456134963056         700.000000000000000000000000000000000        0.997269680000000000000000000000000041         4.50000000000000000000000000000000000         3.14896106002505983969738094862674835         3.14429696214839470442119619265238128         17587.7208137942676031759295515764265         24121.0028789568373359181447188694967      
   43.4701315812522977450502814228557596         0.00000000000000000000000000000000000        0.500000000000000000000000000000000000        0.337684070105672578851229228067481528       -0.175368140211345157702458456134963056         700.000000000000000000000000000000000        0.997269680000000000000000000000000041         4.50000000000000000000000000000000000         3.17509293106440139849366928909478770         3.17044766140994287605061212402181890         18729.5496453119100121959959035874393         24739.9808267633498267090112137686632      
   45.5293507486716565241505913849878156         0.00000000000000000000000000000000000        0.500000000000000000000000000000000000        0.337684070105672578851229228067481528       -0.175368140211345157702458456134963056         700.000000000000000000000000000000000        0.997269680000000000000000000000000041         4.50000000000000000000000000000000000         3.20124467496679338467158621938759665         3.19689207950595081801460213072695784         19950.3955820525459095352975034750538         25384.4779626909570295812097290896598      
   47.6861169771469809221183781797401387         0.00000000000000000000000000000000000        0.500000000000000000000000000000000000        0.337684070105672578851229228067481528       -0.175368140211345157702458456134963056         700.000000000000000000000000000000000        0.997269680000000000000000000000000041         4.50000000000000000000000000000000000         3.22740388467973083282178109028030366         3.22293624751000305744769775174573285         21256.5849173314027051060679797608038         26046.5282331220718505341119155698891      
   49.9450511585537973057412883106299450         0.00000000000000000000000000000000000        0.500000000000000000000000000000000000        0.337684070105672578851229228067481528       -0.175368140211345157702458456134963056         700.000000000000000000000000000000000        0.997269680000000000000000000000000041         4.50000000000000000000000000000000000         3.25356109749518089616334137820277638         3.24949853807596260034723513200057325         22654.0717145847831640952702063881907         26728.2013559892850234184118535344561      
   52.3109930805651492519346455020741169         0.00000000000000000000000000000000000        0.500000000000000000000000000000000000        0.337684070105672578851229228067481528       -0.175368140211345157702458456134963056         700.000000000000000000000000000000000        0.997269680000000000000000000000000041         4.50000000000000000000000000000000000         3.27970586025197573772777169799405746         3.27565349203935149777821904196265022         24149.6562862810660547042980633192482         27437.8697182959175437015563191262183      
   54.7890117959420854878872849816232285         0.00000000000000000000000000000000000        0.500000000000000000000000000000000000        0.337684070105672578851229228067481528       -0.175368140211345157702458456134963056         700.000000000000000000000000000000000        0.997269680000000000000000000000000041         4.50000000000000000000000000000000000         3.30582529113394918500835244063148950         3.30176443583417450618512696780717010         25750.7595099352949171791465027479614         28176.1515874173698604207701113427436      
   57.3844164830267494473134630390337038         0.00000000000000000000000000000000000        0.500000000000000000000000000000000000        0.337684070105672578851229228067481528       -0.175368140211345157702458456134963056         700.000000000000000000000000000000000        0.997269680000000000000000000000000041         4.50000000000000000000000000000000000         3.33190616908267770586765899022847303         3.32805440792414561397291288281038382         27465.3098825948367873840212978092219         28936.5812291101477338529330053014241      
   60.1027678207067787613836741752440859         0.00000000000000000000000000000000000        0.500000000000000000000000000000000000        0.337684070105672578851229228067481528       -0.175368140211345157702458456134963056         700.000000000000000000000000000000000        0.997269680000000000000000000000000041         4.50000000000000000000000000000000000         3.35793870569149498275682970654394266         3.35412140252723479350699292001890179         29301.7458764974362372355727978550936         29717.9644534800860953586223977391987      
   62.9498899022219826103145225233349426         0.00000000000000000000000000000000000        0.500000000000000000000000000000000000        0.337684070105672578851229228067481528       -0.175368140211345157702458456134963056         700.000000000000000000000000000000000        0.997269680000000000000000000000000041         4.50000000000000000000000000000000000         3.38390890528258294921279319190681443         3.38014721271317980778778428217774110         31269.3150145266522391103999700971991         30530.4391363521852065162615100342230      
   65.9318827133387394963924236784617628         0.00000000000000000000000000000000000        0.500000000000000000000000000000000000        0.337684070105672578851229228067481528       -0.175368140211345157702458456134963056         700.000000000000000000000000000000000        0.997269680000000000000000000000000041         4.50000000000000000000000000000000000         3.40980310445686984852603161417308205         3.40608400135602075746846870360236828         33378.0319914965012016318195474436163         31376.0508659288242851518770950927349      
   69.0551352016267211341221719941803480         0.00000000000000000000000000000000000        0.500000000000000000000000000000000000        0.337684070105672578851229228067481528       -0.175368140211345157702458456134963056         700.000000000000000000000000000000000        0.997269680000000000000000000000000041         4.50000000000000000000000000000000000         3.43560670910532789310910125857286128         3.43220390409090958608198958897608965         35640.3017779503264310864742649140412         32250.4085439154646347443873598217084      
   72.3263389648389904315881138559222429         0.00000000000000000000000000000000000        0.500000000000000000000000000000000000        0.337684070105672578851229228067481528       -0.175368140211345157702458456134963056         700.000000000000000000000000000000000        0.997269680000000000000000000000000041         4.50000000000000000000000000000000000         3.46130749414928799716161408320130240         3.45798907590149939968171220526573532         38064.7683097115699148232025915611298         33144.7259463990727352457631720659094      
   75.7525025877229563234538363456045364         0.00000000000000000000000000000000000        0.500000000000000000000000000000000000        0.337684070105672578851229228067481528       -0.175368140211345157702458456134963056         700.000000000000000000000000000000000        0.997269680000000000000000000000000041         4.50000000000000000000000000000000000         3.48689058652226662529262677360417894         3.48347727796945646837177445822595573         40665.3912025991210877629887963448680         34076.2549225707460193312613646132456      
   79.3409666579789374092779396113335383         0.00000000000000000000000000000000000        0.500000000000000000000000000000000000        0.337684070105672578851229228067481528       -0.175368140211345157702458456134963056         700.000000000000000000000000000000000        0.997269680000000000000000000000000041         4.50000000000000000000000000000000000         3.51233988570972302424133149829825246         3.50906377550365681892594568167967757         43454.8381996571656770622404565989920         35047.0948776380711198376440518219728      
   83.0994194935381664732668516345784739         0.00000000000000000000000000000000000        0.500000000000000000000000000000000000        0.337684070105672578851229228067481528       -0.175368140211345157702458456134963056         700.000000000000000000000000000000000        0.997269680000000000000000000000000041         4.50000000000000000000000000000000000         3.53763895444869331680468214551932483         3.53465140333814579020234385803517852         46449.5925505786498717227920714206340         36049.0080967361132656857475738887730      
   87.0359136148560765360321240320169501         0.00000000000000000000000000000000000        0.500000000000000000000000000000000000        0.337684070105672578851229228067481528       -0.175368140211345157702458456134963056         700.000000000000000000000000000000000        0.997269680000000000000000000000000041         4.50000000000000000000000000000000000         3.56277433746496796100264941447873962         3.55974835958804150474429959790626693         49665.8291134264824960223635998683525         37074.1455265037747386042763212892404      
   91.1588829975129113180355582295095585         0.00000000000000000000000000000000000        0.500000000000000000000000000000000000        0.337684070105672578851229228067481528       -0.175368140211345157702458456134963056         700.000000000000000000000000000000000        0.997269680000000000000000000000000041         4.50000000000000000000000000000000000         3.58772909434330227803814691251065022         3.58474134036066196016341971952743342         53120.5626687863755567546051999218090         38087.6686458190875069208861225443516      
   95.4771611420855187564395181622441053         0.00000000000000000000000000000000000        0.500000000000000000000000000000000000        0.337684070105672578851229228067481528       -0.175368140211345157702458456134963056         700.000000000000000000000000000000000        0.997269680000000000000000000000000041         4.50000000000000000000000000000000000         3.61269161141316350890384953501824964         3.60974156916883163736854620809460464         56805.2339066311518816988689687194945         38071.1060810659713062433408154613117      
   100.000000000005197392984105217599543         0.00000000000000000000000000000000000        0.500000000000000000000000000000000000        0.337684070105672578851229228067481528       -0.175368140211345157702458456134963056         700.000000000000000000000000000000000        0.997269680000000000000000000000000041         4.50000000000000000000000000000000000         3.63818266853278647938014218746184584         3.63525491522498538554673196620109733         60639.0085128710163747832020535254537         38018.3850546073123849981162300875949      
